WVWA_A01: 230,642,48,35
WVWA_B01: 283,642,106,35
WVWA_A02: 322,681,48,38
WVWA_F01: 389,638,152,79
WVWA_B02: 553,679,100,35
WVWA_B03: 550,638,100,35
WVWA_B04: 525,87,100,35
WVWA_D01: 312,101,204,35
WVWA_B05: 211,101,100,35
WVWA_A04: 164,98,48,35
WVWA_A03: 158,173,54,35
WVWA_H01: 104,58,48,265
WVWA_A05: 48,211,52,35
WVWA_A06: 52,134,48,35
WVWA_C01: 590,741,48,115
WVWA_B06: 217,173,99,35
WVWA_C02: 211,213,48,115
WVWA_A07: 267,136,48,35
WVWA_A08: 211,329,48,35
WVWA_S01: 102,18,48,35
WVWA_B07: 153,755,99,35
WVWA_F02: 257,754,155,75
WVWA_B08: 483,783,99,35
WVWA_A09: 423,804,48,35
WVWA_B09: 575,10,48,75
WVWA_A10: 622,11,48,35
WVWA_B10: 671,11,99,35
WVWA_B11: 772,10,48,75
WVWA_C03: 821,49,150,35
WVWA_E01: 974,49,252,35
WVWA_S02: 749,49,48,35
WVWA_S03: 626,823,48,35
WVWA_E02: 482,818,100,112
WVWA_H02: 228,1440,405,35
WVWA_A11: 171,1440,48,35
WVWA_F03: 10,1401,151,75
WVWA_A12: 171,1470,48,35
