WARB_B41: 388,1465,48,35
WARB_F01: 89,1425,48,35
WARB_F02: 144,1416,48,35
WARB_F03: 197,1377,202,74
WARB_F04: 296,1240,48,78
WARB_F05: 136,1122,202,114
WARB_F06: 243,2152,48,35
WARB_F07: 284,2151,48,35
WARB_F08: 289,1917,48,35
WARB_F09: 272,413,48,35
WARB_F10: 272,357,48,35
WARB_F11: 179,357,100,35
WARB_F12: 136,357,48,35
WARB_F13: 151,396,48,35
WARB_F14: 141,432,48,35
WARB_F15: 180,433,48,35
WARB_F16: 192,1254,100,35
WARB_F17: 130,1243,48,78
WARB_F18: 132,1324,48,35
WARB_F19: 255,1970,48,35
WARB_F20: 269,585,48,35
WARB_F21: 250,410,48,35
WARB_F22: 258,1826,48,35
WARB_F23: 142,1828,48,35
WARB_F24: 284,430,48,35
WARB_F26: 86,1152,48,35
WARB_F27: 328,1975,48,35
WARB_G23: 340,1868,48,35
WARB_G24: 339,1827,48,35
WARB_G25: 361,1790,48,35
WARB_G26: 411,1804,48,78
WARB_G27: 402,1903,48,35
WARB_G30: 357,1912,48,35
WARB_H13: 168,538,100,78
WARB_J01: 500,984,152,112
WARB_J02: 568,1771,48,35
WARB_J03: 646,1022,48,35
WARB_J04: 461,1821,100,35
WARB_J05: 462,1017,48,35
WARB_J06: 538,870,48,112
WARB_J07: 538,833,48,35
WARB_J08: 547,1646,48,35
WARB_S11: 282,622,48,35
WARB_S15: 164,1160,48,35
WARB_S17: 405,1419,48,35
WARB_S29: 699,1017,48,35
WARB_S31: 373,1113,48,35
