WSKC_A27: 1072,442,48,35
WSKC_A01: 1086,490,48,35
WSKC_A02: 1083,527,48,35
WSKC_S01: 1082,565,48,35
WSKC_A03: 1032,536,48,36
WSKC_A04: 972,482,48,77
WSKC_A05: 933,573,48,35
WSKC_A06: 812,480,152,77
WSKC_A07: 708,501,100,35
WSKC_A08: 649,499,48,35
WSKC_A21: 762,459,48,35
WSKC_A09: 670,430,48,35
WSKC_A10: 717,765,100,35
WSKC_A11: 832,425,48,35
WSKC_A12: 796,364,100,35
WSKC_A13: 779,696,48,35
WSKC_A14: 569,436,100,35
WSKC_A15: 602,21,100,77
WSKC_A16: 453,437,100,35
WSKC_A17: 393,405,48,113
WSKC_A18: 406,27,100,35
WSKC_A19: 356,33,48,35
WSKC_S02: 344,433,48,35
WSKC_A20: 304,47,48,40
WSKC_A28: 445,847,48,36
WSKC_A22: 391,868,48,35
WSKC_A23: 223,861,152,155
WSKC_A24: 172,854,48,35
WSKC_A29: 116,846,48,35
WSKC_A30: 64,847,48,35
WSKC_A25: 10,828,52,35
