Piece : SB_A11
48x35
-583x392
################################################
################################################
################################################
################################################
################################################
################################################
################################################
################################################
################################################
################################################
################################################
################################################
################################################
#####=##########################################
#####|##########################################
####.|.#####...###############..####....########
###..|...........###########......#.......######
###................#..###...................####
####......#..................................=##
#####....#####............##.######........#####
#######.##############################...#######
#######.###############################.########
#######..........................######.########
#########........................######.########
###########..................###........########
###########.##.......#.......###################
################################################
################=#=#############################
################################################
################################################
################################################
################################################
################################################
################################################
################################################
(3,16),(3,18)|(4,15),(4,16)|(4,18),(4,19)|(5,13),(5,15)|(5,19),(5,20)|(6,13),(6,15)|(7,15),(7,16)|(7,20),(7,23)|(8,20),(8,22)|(9,19),(9,20)|(9,23),(9,24)|(10,18),(10,19)|(11,18),(11,19)|(11,24),(11,26)|(12,15),(12,16)|(12,25),(12,26)|(14,19),(14,20)|(14,25),(14,26)|(15,15),(15,16)|(16,27),(16,28)|(17,16),(17,17)|(17,27),(17,28)|(18,27),(18,28)|(19,17),(19,18)|(19,27),(19,28)|(20,17),(20,18)|(21,25),(21,26)|(22,17),(22,18)|(22,25),(22,26)|(25,17),(25,18)|(26,19),(26,20)|(28,16),(28,17)|(28,19),(28,20)|(29,19),(29,20)|(29,24),(29,26)|(30,15),(30,16)|(32,15),(32,16)|(32,24),(32,25)|(33,22),(33,24)|(34,16),(34,17)|(35,16),(35,17)|(35,19),(35,20)|(36,15),(36,16)|(38,20),(38,21)|(39,21),(39,24)|(40,15),(40,16)|(40,21),(40,25)|(41,20),(41,21)|(42,16),(42,17)|(43,19),(43,20)|(44,17),(44,18)|(46,18),(46,19)|
(5,13),(6,13)|(4,15),(5,15)|(6,15),(7,15)|(12,15),(15,15)|(30,15),(32,15)|(36,15),(40,15)|(3,16),(4,16)|(7,16),(12,16)|(15,16),(17,16)|(28,16),(30,16)|(32,16),(34,16)|(35,16),(36,16)|(40,16),(42,16)|(17,17),(19,17)|(20,17),(22,17)|(25,17),(28,17)|(34,17),(35,17)|(42,17),(44,17)|(3,18),(4,18)|(10,18),(11,18)|(19,18),(20,18)|(22,18),(25,18)|(44,18),(46,18)|(4,19),(5,19)|(9,19),(10,19)|(11,19),(14,19)|(26,19),(28,19)|(29,19),(35,19)|(43,19),(46,19)|(5,20),(7,20)|(8,20),(9,20)|(14,20),(26,20)|(28,20),(29,20)|(35,20),(38,20)|(41,20),(43,20)|(38,21),(39,21)|(40,21),(41,21)|(8,22),(33,22)|(7,23),(9,23)|(9,24),(11,24)|(29,24),(32,24)|(33,24),(39,24)|(12,25),(14,25)|(21,25),(22,25)|(32,25),(40,25)|(11,26),(12,26)|(14,26),(21,26)|(22,26),(29,26)|(16,27),(17,27)|(18,27),(19,27)|(16,28),(17,28)|(18,28),(19,28)|
None|
None|
(5.5,14),(5.5,17)|
None|
end file : SB_A11