Piece : SB_C06
48x121
468x429
################################################
################################################
################################################
################################################
################################################
###################=##=##=##=###################
###################.##.##.##.###################
###################.##.##.##.###################
###################.##.##.##.###################
###################.##.##.##.###################
###################.##.##.##.###################
###################.##.##....###################
###################.##.##.##.###################
###################.##.##.##.###################
###################.##.##.##.###################
###################.##.##.##.###################
###################.##.##.##.###################
#############...|...##....##.###################
#############...|...##.##.##.###################
#############...|...##.##.##.###################
#############...|...##.##.##.###################
#############...|......##.##.###################
#############...|...#####.##.###################
#############...|...#####.##.###################
#############...|......##.##....=###############
################+#####.##.######################
################.#####.##.######################
################.#####.......###################
################.#####.#####.###################
################.##=##.#####.###################
################.##.##.#####.###################
################.##.##.#####.###################
################..........##.###################
################.##.##.##.##.###################
################.##.##.##.##.###################
################.##.##.##.##.###################
################.##.##.##.##.###################
################.##.##.##.##.###################
################.##.##.##.##.###################
################.##.##.##.##.###################
################.##.##..................########
################.##.#####.#############.########
################.##.#####.#############.########
################.##.#####.#############.########
################.##.###=.....##########=########
################.##.#####.##.###################
################.##.#####.##.###################
################.##....##.##.###################
################.#####.##.##.###################
################.#####.##.##.###################
################.#####.##.##.###################
################.#####.##.##.###################
###########=.................###################
################.#####.#########################
################.#####.#########################
################.#####.#########################
################.#####+#########################
################.##...|...##=###################
################.##...|...##.###################
################......|...##.###################
################.##...|...##.###################
################.##...|...##.###################
################.#####+##.##.###################
################.#####.##.##.###################
################.#####.##.##.###################
###########=........##.##.##.###################
################.##.##.##.##.###################
################.##.##.##.##.###################
################.##.##.##.##.###################
################.##.##.##.##.###################
################.##.##.##.##.###################
############.....##....##......=################
############.###.##.########.###################
############.###.##.########.###################
############.###.##.########.###################
############.###.##.########.###################
############.###.##.##=...##.###################
############.###.##.#####.##.###################
############.###.##.#####.##.###################
############...........##.##.###################
################.##.##.##.##.###################
################.##.##.##.##.###################
################.##.##.##.##.###################
################.##.##.##.##.###################
################.##.##.##.##.###################
################.##.##+##+##-###################
################....##|..|.....=################
###################.##|..|######################
###################.##|..|######################
################......|..|######################
################.#####|..|...###################
################.#####|..|...###################
################.#####|..|...###################
################.#####+##+##.###################
################.#####.##.##.###################
################.#####.##.##.###################
################.......##.##.###################
################.##.##.##.##.###################
################.##.##.##.##.###################
################.##.##.##.##.###################
################=##=##=##=##=###################
################################################
################################################
################################################
################################################
################################################
################################################
################################################
################################################
################################################
################################################
################################################
################################################
################################################
################################################
################################################
################################################
################################################
################################################
################################################
################################################
(11,52),(11,53)|(11,65),(11,66)|(12,71),(12,80)|(13,17),(13,25)|(13,72),(13,79)|(16,25),(16,52)|(16,53),(16,65)|(16,66),(16,71)|(16,72),(16,79)|(16,80),(16,87)|(16,89),(16,101)|(17,25),(17,32)|(17,33),(17,52)|(17,53),(17,59)|(17,60),(17,65)|(17,66),(17,79)|(17,80),(17,86)|(17,90),(17,96)|(17,97),(17,101)|(19,5),(19,17)|(19,29),(19,32)|(19,33),(19,48)|(19,57),(19,59)|(19,60),(19,62)|(19,66),(19,79)|(19,80),(19,86)|(19,87),(19,89)|(19,97),(19,101)|(20,5),(20,21)|(20,22),(20,24)|(20,29),(20,32)|(20,33),(20,47)|(20,65),(20,71)|(20,72),(20,79)|(20,80),(20,89)|(20,97),(20,101)|(22,5),(22,21)|(22,25),(22,32)|(22,33),(22,41)|(22,48),(22,52)|(22,53),(22,57)|(22,62),(22,71)|(22,76),(22,77)|(22,80),(22,89)|(22,90),(22,96)|(22,97),(22,101)|(23,5),(23,17)|(23,18),(23,22)|(23,24),(23,27)|(23,28),(23,32)|(23,33),(23,40)|(23,44),(23,45)|(23,47),(23,52)|(23,53),(23,57)|(23,62),(23,72)|(23,79),(23,86)|(23,93),(23,101)|(25,5),(25,17)|(25,18),(25,27)|(25,33),(25,40)|(25,41),(25,44)|(25,45),(25,52)|(25,62),(25,72)|(25,77),(25,86)|(25,93),(25,101)|(26,5),(26,11)|(26,12),(26,27)|(26,32),(26,40)|(26,41),(26,44)|(26,45),(26,52)|(26,57),(26,71)|(26,76),(26,86)|(26,87),(26,90)|(26,93),(26,101)|(28,5),(28,11)|(28,12),(28,25)|(28,28),(28,40)|(28,45),(28,52)|(28,57),(28,71)|(28,72),(28,86)|(28,93),(28,101)|(29,5),(29,24)|(29,27),(29,40)|(29,44),(29,53)|(29,57),(29,71)|(29,72),(29,86)|(29,90),(29,101)|(32,71),(32,72)|(32,86),(32,87)|(33,24),(33,25)|(39,41),(39,45)|(40,40),(40,45)|
(19,5),(20,5)|(22,5),(23,5)|(25,5),(26,5)|(28,5),(29,5)|(26,11),(28,11)|(26,12),(28,12)|(13,17),(19,17)|(23,17),(25,17)|(23,18),(25,18)|(20,21),(22,21)|(20,22),(23,22)|(20,24),(23,24)|(29,24),(33,24)|(13,25),(16,25)|(17,25),(22,25)|(28,25),(33,25)|(23,27),(25,27)|(26,27),(29,27)|(23,28),(28,28)|(19,29),(20,29)|(17,32),(19,32)|(20,32),(22,32)|(23,32),(26,32)|(17,33),(19,33)|(20,33),(22,33)|(23,33),(25,33)|(23,40),(25,40)|(26,40),(28,40)|(29,40),(40,40)|(22,41),(25,41)|(26,41),(39,41)|(23,44),(25,44)|(26,44),(29,44)|(23,45),(25,45)|(26,45),(28,45)|(39,45),(40,45)|(20,47),(23,47)|(19,48),(22,48)|(11,52),(16,52)|(17,52),(22,52)|(23,52),(25,52)|(26,52),(28,52)|(11,53),(16,53)|(17,53),(22,53)|(23,53),(29,53)|(19,57),(22,57)|(23,57),(26,57)|(28,57),(29,57)|(17,59),(19,59)|(17,60),(19,60)|(19,62),(22,62)|(23,62),(25,62)|(11,65),(16,65)|(17,65),(20,65)|(11,66),(16,66)|(17,66),(19,66)|(12,71),(16,71)|(20,71),(22,71)|(26,71),(28,71)|(29,71),(32,71)|(13,72),(16,72)|(20,72),(23,72)|(25,72),(28,72)|(29,72),(32,72)|(22,76),(26,76)|(22,77),(25,77)|(13,79),(16,79)|(17,79),(19,79)|(20,79),(23,79)|(12,80),(16,80)|(17,80),(19,80)|(20,80),(22,80)|(17,86),(19,86)|(23,86),(25,86)|(26,86),(28,86)|(29,86),(32,86)|(16,87),(19,87)|(26,87),(32,87)|(16,89),(19,89)|(20,89),(22,89)|(17,90),(22,90)|(26,90),(29,90)|(23,93),(25,93)|(26,93),(28,93)|(17,96),(22,96)|(17,97),(19,97)|(20,97),(22,97)|(16,101),(17,101)|(19,101),(20,101)|(22,101),(23,101)|(25,101),(26,101)|(28,101),(29,101)|
None|
None|
(16.5,17),(16.5,26)|(22.5,56),(22.5,63)|(22.5,85),(22.5,94)|(25.5,85),(25.5,94)|
(16,25.5),(17,25.5)|(22,56.5),(23,56.5)|(22,62.5),(23,62.5)|(22,85.5),(23,85.5)|(25,85.5),(26,85.5)|(28,85.5),(29,85.5)|(22,93.5),(23,93.5)|(25,93.5),(26,93.5)|
end file : SB_C06