WMPA_A01: 430,1124,48,35
WMPA_A02: 221,1141,48,35
WMPA_A03: 273,1129,152,35
WMPA_A04: 168,1100,48,74
WMPA_A05: 218,1101,48,35
WMPA_A06: 60,1131,100,35
WMPA_A07: 443,558,100,35
WMPA_A08: 517,1124,152,35
WMPA_A09: 10,1131,48,35
WMPA_B01: 672,1008,152,150
WMPA_B02: 830,1008,100,35
WMPA_B03: 935,1008,48,35
WMPA_B04: 987,1008,100,35
WMPA_B05: 1091,895,48,150
WMPA_B06: 988,923,100,35
WMPA_B07: 935,917,48,74
WMPA_B08: 829,912,100,35
WMPA_C01: 1148,896,152,35
WMPA_C02: 1305,857,451,74
WMPA_C03: 1760,859,100,35
WMPA_C04: 1860,859,48,35
WMPA_C06: 1608,739,48,115
WMPA_C07: 1909,863,48,38
WMPA_D01: 842,823,48,74
WMPA_D02: 842,753,48,74
WMPA_D03: 737,789,100,74
WMPA_D04: 584,745,252,35
WMPA_D05: 730,662,100,74
WMPA_D06: 682,710,48,35
WMPA_D07: 677,1216,48,74
WMPA_D08: 593,676,100,74
WMPA_D09: 491,668,100,35
WMPA_S01: 260,1704,48,35
WMPA_S02: 684,1604,48,35
WMPA_S03: 1198,1461,48,35
WMPA_S04: 1858,1426,48,35
WMPA_S05: 635,1392,48,35
