WARA_E08: 10,44,100,35
WARA_P01: 427,90,100,35
WARA_P02: 180,566,48,35
WARA_P03: 131,554,48,74
WARA_P04: 112,519,100,35
WARA_P05: 210,36,48,35
WARA_P06: 478,10,100,74
WARA_P07: 531,86,48,74
WARA_P08: 131,151,48,35
WARA_P09: 533,165,152,112
WARA_P10: 510,714,48,35
WARA_P11: 523,699,48,35
WARA_P12: 687,720,48,35
WARA_P14: 787,771,100,35
WARA_P16: 991,777,100,35
WARA_P17: 1094,299,100,35
WARA_P18: 738,239,48,74
WARA_P19: 228,565,100,35
WARA_P20: 328,566,100,35
WARA_P21: 888,293,100,35
WARA_P22: 912,329,48,35
WARA_P23: 729,793,48,35
WARA_P24: 738,911,48,35
WARA_P26: 738,354,48,74
WARA_S22: 646,642,48,35
WARA_S23: 176,978,48,35
WARA_S24: 1019,1239,48,35
