WGWR_A01: 10,769,48,35
WGWR_A04: 479,256,51,35
WGWR_A05: 57,1224,54,35
WGWR_A06: 202,1215,54,35
WGWR_A07: 289,1215,54,35
WGWR_A08: 131,1216,54,35
WGWR_A10: 351,1212,48,35
WGWR_A11: 695,789,70,35
WGWR_A12: 231,310,48,35
WGWR_A13: 705,756,48,35
WGWR_A14: 493,695,48,35
WGWR_B03: 484,722,54,78
WGWR_B04: 220,727,54,78
WGWR_B06: 746,693,51,78
WGWR_B07: 526,243,48,78
WGWR_C01: 47,774,180,35
WGWR_C02: 528,764,180,35
WGWR_Disposal: 582,807,68,77
WGWR_C07: 237,152,48,120
WGWR_C08: 589,183,152,35
WGWR_C09: 738,10,106,190
WGWR_C10: 311,117,158,35
WGWR_D01: 268,761,228,35
WGWR_D02: 133,114,158,35
WGWR_E01: 473,118,264,35
WGWR_S01: 209,1240,48,35
WGWR_S06: 479,220,48,35
WGWR_S08: 706,266,48,35
