Piece : HI_C04
62x121
-81x-96
##############################################################
#############..#..#..#.........................###############
#############..................................##=##=##=######
#############..................................##|##|##|######
#############....................................|..|..|.#####
#############....................................|..|..|.#####
######....|......................................|..|..|.#####
######....|......................................|..|..|.#####
######....|......................................|..|..|.#####
######....|......................................|..|..|######
########..|.............##.....................###############
########..|.################......###############.##.#########
########..|.################.....################.##.#########
########..|...........................................########
######=...|............................................=######
############################.....#############################
###########################......#############################
#############.##....##........................##.#############
#############.##....##........................################
####............................................./#/..########
###...................................................########
###.......................................................####
###........................................................###
##.........................................................###
##.........................................................###
##.........................................................###
##.........................................................###
##.........................................................###
##.........................................................###
##.........................................................###
##.........................................................###
###........................................................###
###........................................................###
####......................................................####
####......................................................####
#####.....................................................####
#####....................................................#####
#####...................................................######
######..................................................######
######..................................................######
#######................................................#######
#######................................................#######
########...............................................#######
########..............................................########
########.............................................#########
########............................................##########
########...........................................###########
########...........................................###########
########...........................................###########
########...........................................###########
########...........................................###########
########...........................................###########
########...........................................###########
########...........................................###########
########...........................................###########
########...........................................###########
########...........................................###########
########...........................................###########
########...........................................###########
########...........................................###########
########...........................................###########
########...........................................###########
##########.........................................###########
##########.........................................###########
###########........................................###########
###########........................................###########
###########........................................###########
###########........................................###########
###########........................................###########
###########........................................###########
###########........................................###########
###########........................................###########
###########........................................###########
###########........................................###########
###########.........................................##########
###########...........................................########
###########...........................................########
###########.......................................############
###########.......................................############
###########.......................................############
###########.......................................##=#########
###########.......................................##|#########
###########.......................................##|.########
#########=........................................##..########
###########............................||.........##..########
#########=.............................||........-##--########
###########............................||.........##..########
#####################.................####.......-##--########
#####################.................####........##..########
#####################.................####........##..########
#####################.................####........##..########
############.....####.............................##..########
############.....###..........................######..########
##########=...................................######..########
############..................................##......########
##########=...........................................########
############..........................................########
##############.....................................###########
##############.....................................###########
##############.....................................###########
##############.....................................###########
##############.....................................###########
##############.....................................###########
##############.....................................###########
##############.....................................###########
##############.....................................###########
##############.....................................###########
##############/.........#.....#........#.#......../###########
###############/.....##.###..##.###..###.##....../############
#######################=#######=########=#####################
##############################################################
##############################################################
##############################################################
##############################################################
##############################################################
##############################################################
##############################################################
##############################################################
##############################################################
##############################################################
##############################################################
(2,23),(2,31)|(3,20),(3,23)|(3,31),(3,33)|(4,19),(4,20)|(4,33),(4,35)|(5,35),(5,38)|(6,6),(6,10)|(6,14),(6,15)|(6,38),(6,40)|(7,40),(7,42)|(8,10),(8,14)|(8,42),(8,62)|(9,83),(9,84)|(9,85),(9,86)|(10,62),(10,64)|(10,93),(10,94)|(10,95),(10,96)|(11,64),(11,83)|(11,84),(11,85)|(11,86),(11,87)|(12,11),(12,13)|(12,91),(12,93)|(12,94),(12,95)|(12,96),(12,97)|(13,1),(13,6)|(13,17),(13,19)|(14,17),(14,19)|(14,97),(14,107)|(15,1),(15,2)|(16,1),(16,2)|(16,17),(16,19)|(17,91),(17,93)|(18,1),(18,2)|(19,1),(19,2)|(20,17),(20,19)|(20,92),(20,93)|(21,1),(21,2)|(21,87),(21,92)|(21,108),(21,109)|(22,1),(22,2)|(22,17),(22,19)|(23,108),(23,110)|(24,10),(24,11)|(24,107),(24,110)|(25,107),(25,108)|(26,10),(26,11)|(27,16),(27,17)|(27,108),(27,109)|(28,11),(28,13)|(28,15),(28,16)|(29,108),(29,109)|(30,107),(30,108)|(31,107),(31,110)|(32,108),(32,110)|(33,12),(33,13)|(33,15),(33,17)|(34,11),(34,12)|(35,108),(35,109)|(37,108),(37,109)|(38,87),(38,91)|(39,107),(39,108)|(40,107),(40,110)|(41,107),(41,110)|(42,87),(42,91)|(42,107),(42,108)|(43,108),(43,109)|(46,17),(46,19)|(46,92),(46,95)|(47,1),(47,4)|(47,10),(47,11)|(48,17),(48,18)|(48,94),(48,95)|(49,2),(49,4)|(49,11),(49,13)|(49,17),(49,18)|(50,2),(50,4)|(50,11),(50,13)|(50,77),(50,92)|(51,46),(51,74)|(51,97),(51,107)|(52,2),(52,4)|(52,11),(52,13)|(52,45),(52,46)|(52,74),(52,75)|(52,80),(52,94)|(53,2),(53,4)|(53,11),(53,13)|(53,44),(53,45)|(53,80),(53,82)|(54,13),(54,14)|(54,19),(54,21)|(54,43),(54,44)|(54,75),(54,77)|(54,82),(54,97)|(55,2),(55,4)|(55,40),(55,43)|(56,2),(56,4)|(56,9),(56,10)|(56,14),(56,15)|(56,37),(56,40)|(57,4),(57,9)|(57,36),(57,37)|(58,21),(58,22)|(58,33),(58,36)|(59,22),(59,33)|
(13,1),(15,1)|(16,1),(18,1)|(19,1),(21,1)|(22,1),(47,1)|(15,2),(16,2)|(18,2),(19,2)|(21,2),(22,2)|(49,2),(50,2)|(52,2),(53,2)|(55,2),(56,2)|(47,4),(49,4)|(50,4),(52,4)|(53,4),(55,4)|(56,4),(57,4)|(6,6),(13,6)|(56,9),(57,9)|(6,10),(8,10)|(24,10),(26,10)|(47,10),(56,10)|(12,11),(24,11)|(26,11),(28,11)|(34,11),(47,11)|(49,11),(50,11)|(52,11),(53,11)|(33,12),(34,12)|(12,13),(28,13)|(33,13),(49,13)|(50,13),(52,13)|(53,13),(54,13)|(6,14),(8,14)|(54,14),(56,14)|(6,15),(28,15)|(33,15),(56,15)|(27,16),(28,16)|(13,17),(14,17)|(16,17),(20,17)|(22,17),(27,17)|(33,17),(46,17)|(48,17),(49,17)|(48,18),(49,18)|(4,19),(13,19)|(14,19),(16,19)|(20,19),(22,19)|(46,19),(49,19)|(52,19),(54,19)|(3,20),(4,20)|(50,20),(51,20)|(54,21),(58,21)|(58,22),(59,22)|(2,23),(3,23)|(2,31),(3,31)|(3,33),(4,33)|(58,33),(59,33)|(4,35),(5,35)|(57,36),(58,36)|(56,37),(57,37)|(5,38),(6,38)|(6,40),(7,40)|(55,40),(56,40)|(7,42),(8,42)|(54,43),(55,43)|(53,44),(54,44)|(52,45),(53,45)|(51,46),(52,46)|(8,62),(10,62)|(10,64),(11,64)|(51,74),(52,74)|(52,75),(54,75)|(50,77),(54,77)|(52,80),(53,80)|(53,82),(54,82)|(9,83),(11,83)|(9,84),(11,84)|(9,85),(11,85)|(9,86),(11,86)|(11,87),(21,87)|(38,87),(42,87)|(12,91),(17,91)|(38,91),(42,91)|(20,92),(21,92)|(46,92),(50,92)|(10,93),(12,93)|(17,93),(20,93)|(10,94),(12,94)|(48,94),(52,94)|(10,95),(12,95)|(46,95),(48,95)|(10,96),(12,96)|(12,97),(14,97)|(51,97),(54,97)|(24,107),(25,107)|(30,107),(31,107)|(39,107),(40,107)|(41,107),(42,107)|(21,108),(23,108)|(25,108),(27,108)|(29,108),(30,108)|(32,108),(35,108)|(37,108),(39,108)|(42,108),(43,108)|(16,109),(21,109)|(27,109),(29,109)|(35,109),(37,109)|(43,109),(49,109)|(23,110),(24,110)|(31,110),(32,110)|(40,110),(41,110)|
(14,107),(16,109)|(49,19),(50,20)|
(49,109),(51,107)|(51,20),(52,19)|
(10.5,6),(10.5,15)|(39.5,84),(39.5,87)|(40.5,84),(40.5,87)|(49.5,3),(49.5,10)|(52.5,3),(52.5,10)|(52.5,81),(52.5,83)|(55.5,3),(55.5,10)|
(49,85.5),(50,85.5)|(52,85.5),(54,85.5)|(49,87.5),(50,87.5)|(52,87.5),(54,87.5)|
end file : HI_C04