WARC_A01: 1541,744,48,35
WARC_A02: 1406,743,100,35
WARC_A03: 1294,708,100,74
WARC_A04: 1089,741,202,35
WARC_A05: 929,741,152,35
WARC_A06: 719,664,202,112
WARC_A07: 482,745,152,35
WARC_A08: 436,746,48,35
WARC_A09: 625,750,100,35
WARC_B01: 1756,706,48,35
WARC_B02: 1611,706,152,35
WARC_B03: 1570,633,48,112
WARC_B04: 1578,1193,48,35
WARC_B05: 1470,673,100,35
WARC_B06: 1458,708,48,35
WARC_B07: 1195,1157,48,112
WARC_B08: 1033,1188,152,35
WARC_B09: 871,1188,152,74
WARC_B10: 763,1188,100,35
WARC_B11: 766,1225,48,35
WARC_B12: 1804,703,100,35
WARC_B13: 647,1191,100,35
WARC_C01: 1145,1307,48,112
WARC_C02: 994,296,152,35
WARC_C03: 711,1312,48,112
WARC_C04: 952,1341,48,74
WARC_C05: 841,304,100,35
WARC_C06: 787,865,100,35
WARC_C07: 897,867,48,35
WARC_C08: 782,304,48,35
WARC_C09: 526,345,100,35
WARC_C10: 621,857,48,35
WARC_C11: 1193,307,48,35
WARC_C12: 1241,1361,48,35
WARC_E01: 718,553,152,112
WARC_E02: 478,557,202,35
WARC_E03: 285,555,152,112
WARC_E04: 87,632,202,35
WARC_E05: 136,692,48,74
WARC_E06: 580,1114,48,112
WARC_E07: 862,584,48,35
WARC_E08: 435,629,48,112
WARC_E09: 670,597,48,35
WARC_E10: 870,545,100,35
WARC_E11: 1118,555,48,35
WARC_E12: 666,632,48,35
WARC_E13: 1018,546,100,35
WARC_E14: 970,560,48,35
WARC_F01: 10,965,100,35
WARC_F02: 270,1524,48,35
WARC_F03: 371,878,100,35
WARC_F05: 112,885,202,114
WARC_F09: 240,1452,48,35
WARC_F10: 250,1410,48,35
WARC_F11: 161,1410,100,35
WARC_F12: 139,1410,48,35
WARC_F13: 139,1436,48,35
WARC_F15: 147,1467,100,35
WARC_F22: 236,1388,48,35
WARC_F23: 146,1388,48,35
WARC_S01: 1527,187,48,35
WARC_S02: 922,635,48,35
WARC_S03: 484,631,48,35
WARC_S04: 675,878,48,35
WARC_S05: 1186,861,48,35
WARC_S06: 166,1439,48,35
WARC_S07: 963,533,48,35
