WARE_B29: 534,843,100,35
WARE_I01x: 473,930,48,35
WARE_I02: 521,933,48,35
WARE_I03: 569,927,100,35
WARE_I04: 666,883,100,78
WARE_I05: 670,960,48,35
WARE_I06: 709,960,48,35
WARE_I07: 793,920,48,35
WARE_I08: 773,887,48,35
WARE_I09: 565,880,100,35
WARE_I10: 635,841,48,35
WARE_I11: 681,746,48,78
WARE_I12: 684,832,48,35
WARE_I13: 734,826,48,35
WARE_I14: 825,742,48,35
WARE_I15: 728,739,100,35
WARE_I16: 622,967,48,35
WARE_S12: 520,891,48,35
WARE_G15: 10,745,48,35
WARE_H01: 64,737,152,35
WARE_H02: 325,660,48,154
WARE_H03: 214,666,48,35
WARE_H04: 216,609,48,35
WARE_H05: 252,545,152,35
WARE_H06: 423,604,48,78
WARE_H07: 325,622,48,35
WARE_H08: 322,856,48,35
WARE_H09: 260,664,48,35
WARE_H10: 372,645,48,35
WARE_H11: 325,930,48,35
WARE_H12: 377,733,48,35
WARE_H14: 274,690,48,35
WARE_H15: 292,1140,48,35
WARE_H16: 371,1140,100,35
WARE_H17: 307,892,48,35
WARE_H18: 131,774,48,35
WARE_H19: 344,821,48,35
WARE_H21: 337,580,48,35
WARE_H22: 374,930,100,35
WARE_H23: 220,737,100,35
WARE_H24: 430,741,48,112
WARE_S05: 359,611,48,35
WARE_S25: 434,895,48,35
WARE_S28: 478,733,48,35
WARE_S30: 131,807,48,35
