Piece : DS_A22
48x35
-590x101
################################################
################################################
################################################
################################################
################################################
################################################
########################=#######################
######/.........#...../#|#/....#...#...../######
######..........#.......|......#...#############
####=...........#.......|......#...........=####
######..................|......#..........######
####=...................|..................=####
######..................|.................######
####=...........#.......|..................=####
######..........#.......|......#..........######
######/........###..../###/...###......../######
################################################
######=..................................=######
################################################
################################################
################################################
################################################
################################################
################################################
################################################
################################################
################################################
################################################
################################################
################################################
################################################
################################################
################################################
################################################
################################################
(4,9),(4,10)|(4,11),(4,12)|(4,13),(4,14)|(6,8),(6,9)|(6,10),(6,11)|(6,12),(6,13)|(6,14),(6,15)|(6,17),(6,18)|(15,15),(15,16)|(16,7),(16,10)|(16,13),(16,15)|(17,7),(17,10)|(17,13),(17,15)|(18,15),(18,16)|(24,6),(24,8)|(25,6),(25,8)|(30,15),(30,16)|(31,7),(31,11)|(31,14),(31,15)|(32,7),(32,11)|(32,14),(32,15)|(33,15),(33,16)|(35,7),(35,9)|(36,7),(36,8)|(42,10),(42,11)|(42,12),(42,13)|(42,14),(42,15)|(42,17),(42,18)|(44,9),(44,10)|(44,11),(44,12)|(44,13),(44,14)|
(24,6),(25,6)|(7,7),(16,7)|(17,7),(22,7)|(27,7),(31,7)|(32,7),(35,7)|(36,7),(41,7)|(23,8),(24,8)|(25,8),(26,8)|(36,8),(41,8)|(4,9),(6,9)|(35,9),(44,9)|(4,10),(6,10)|(16,10),(17,10)|(42,10),(44,10)|(4,11),(6,11)|(31,11),(32,11)|(42,11),(44,11)|(4,12),(6,12)|(42,12),(44,12)|(4,13),(6,13)|(16,13),(17,13)|(42,13),(44,13)|(4,14),(6,14)|(31,14),(32,14)|(42,14),(44,14)|(15,15),(16,15)|(17,15),(18,15)|(23,15),(26,15)|(30,15),(31,15)|(32,15),(33,15)|(7,16),(15,16)|(18,16),(22,16)|(27,16),(30,16)|(33,16),(41,16)|(6,17),(42,17)|(6,18),(42,18)|
(6,15),(7,16)|(22,7),(23,8)|(26,15),(27,16)|
(6,8),(7,7)|(22,16),(23,15)|(26,8),(27,7)|(41,16),(42,15)|
(24.5,7),(24.5,15)|
None|
end file : DS_A22