Piece : DS_A17
48x35
463x3
################################################
################################################
#################################=##############
#################################|##############
#######..####...|....#....#......|....#...######
#######..####...|....|....|......|....|...######
#############...#....|....|......|....|...######
#############...|....|....|......|....|...######
#############...|....|....|......|....|...######
#############........|....|....#####..|...######
#######...................|....#####..|...######
#######........................#####......######
####.........................../###/......######
####.######...............................######
####.##..................................#######
####.##.................................########
####.##.................########################
####.##.................########################
####...................-########################
#######.................########################
##############..........####..................##
##############..........####..................##
##############-.........####..................##
##############..........####...#################
#######...####..........####...#################
#######...####..........####...#################
#######...####..........####...#################
#######...####..........####...####............#
########..####..........####...####..........###
#########.#####........#####...#######......####
################################################
################=####=##########################
################################################
################################################
################################################
(4,12),(4,19)|(5,13),(5,18)|(7,4),(7,6)|(7,10),(7,12)|(7,14),(7,18)|(7,19),(7,20)|(7,24),(7,28)|(8,28),(8,29)|(9,4),(9,6)|(9,29),(9,30)|(10,24),(10,30)|(11,13),(11,14)|(13,4),(13,10)|(14,20),(14,29)|(15,29),(15,30)|(16,6),(16,7)|(16,31),(16,32)|(17,6),(17,7)|(17,31),(17,32)|(21,4),(21,5)|(21,31),(21,32)|(22,4),(22,5)|(22,31),(22,32)|(23,29),(23,30)|(24,16),(24,29)|(26,4),(26,5)|(27,4),(27,5)|(28,20),(28,30)|(31,9),(31,12)|(31,23),(31,30)|(33,2),(33,4)|(34,2),(34,4)|(35,27),(35,29)|(36,9),(36,12)|(38,4),(38,5)|(38,29),(38,30)|(39,4),(39,5)|(40,15),(40,16)|(41,14),(41,15)|(42,4),(42,14)|(44,29),(44,30)|(45,28),(45,29)|(46,20),(46,23)|(47,27),(47,28)|
(33,2),(34,2)|(7,4),(9,4)|(13,4),(21,4)|(22,4),(26,4)|(27,4),(33,4)|(34,4),(38,4)|(39,4),(42,4)|(21,5),(22,5)|(26,5),(27,5)|(38,5),(39,5)|(7,6),(9,6)|(16,6),(17,6)|(16,7),(17,7)|(31,9),(36,9)|(7,10),(13,10)|(4,12),(7,12)|(5,13),(11,13)|(32,13),(35,13)|(7,14),(11,14)|(41,14),(42,14)|(40,15),(41,15)|(24,16),(40,16)|(5,18),(7,18)|(4,19),(7,19)|(7,20),(14,20)|(28,20),(46,20)|(31,23),(46,23)|(7,24),(10,24)|(35,27),(47,27)|(7,28),(8,28)|(45,28),(47,28)|(8,29),(9,29)|(14,29),(15,29)|(23,29),(24,29)|(35,29),(38,29)|(44,29),(45,29)|(9,30),(10,30)|(15,30),(23,30)|(28,30),(31,30)|(38,30),(44,30)|(16,31),(17,31)|(21,31),(22,31)|(16,32),(17,32)|(21,32),(22,32)|
(31,12),(32,13)|
(35,13),(36,12)|
(16.5,4),(16.5,6)|(16.5,7),(16.5,9)|(21.5,5),(21.5,10)|(26.5,5),(26.5,11)|(33.5,3),(33.5,9)|(38.5,5),(38.5,11)|
(23,18.5),(24,18.5)|(14,22.5),(15,22.5)|
end file : DS_A17