Piece : DS_B01
100x35
228x-139
####################################################################################################
####################################################################################################
####################################################################################################
####################################################################################################
####################################################################################################
#############=#=####################################################################################
######/..../#|#|#/.....###................###................###.....###.....#......###.....#./#####
######.......|.|........#..................#..................#......###.....#......###.....#..#####
######.......|.|........#..................#..................#......###.....#......###.....#..#####
####=........|.|........#............................................###.....#......###.....#...=###
######.......|.|......................................................|......#.......|.........#####
####=..........|......................................................|......#.......|..........=###
######.....................................#..........................|......#......####.......#####
####=......................................#..................#......####....#......###.....#...=###
######..................#..........##......#.................##......###.....#....../#/.....#..#####
######/.......###.......#...../#######.....##...............#####..../#/....####..........##########
#################################################################..........#####..........##########
#####........................................................=###..........#####..........##########
#####.###########################################################..........#####......|...##########
#####.###########################################################......|...#####......|...##########
#####........................................................=###......|...#####......|...##########
#################################################################...|..|...#####......|...##########
######/................###......#..#......###............../#####...|..|...#####......|...##########
######..................#.......|..|.......#................#####...|..|...#####...|..|...##########
####=...................#.......|..|.......#................#####...|..|...#####...|..|...##########
######..................#..................#................#####...|..|...#####...|..|...##########
####=...................#...................................#####...|..|...#####...|..|...##########
######..................#...................................#####...|..|...#####...|..|...##########
####=................................................|......#####...|..|...#####...|..|...##########
######...............................................|......#####...|..|...#####...|..|...##########
######.....................................#.........|......#####...|..|...#####...|..|...##########
######/..../#.#.#/......#.................###..../#.#|#/.../#####...|..|...#####...|..|...##########
#############=#=###################################=#=##############|##|###########|##|#############
#######################################################################=###########=##=#############
####################################################################################################
(4,9),(4,10)|(4,11),(4,12)|(4,13),(4,14)|(4,24),(4,25)|(4,26),(4,27)|(4,28),(4,29)|(5,17),(5,21)|(6,7),(6,9)|(6,10),(6,11)|(6,12),(6,13)|(6,14),(6,15)|(6,18),(6,20)|(6,23),(6,24)|(6,25),(6,26)|(6,27),(6,28)|(6,29),(6,31)|(13,5),(13,7)|(13,31),(13,33)|(14,5),(14,7)|(14,15),(14,16)|(14,31),(14,33)|(15,5),(15,7)|(15,31),(15,33)|(16,5),(16,7)|(16,31),(16,33)|(17,15),(17,16)|(23,6),(23,7)|(23,22),(23,23)|(24,7),(24,10)|(24,14),(24,16)|(24,23),(24,28)|(24,31),(24,32)|(25,7),(25,10)|(25,14),(25,16)|(25,23),(25,28)|(25,31),(25,32)|(26,6),(26,7)|(26,22),(26,23)|(32,22),(32,23)|(33,22),(33,23)|(35,14),(35,15)|(35,22),(35,23)|(36,22),(36,23)|(37,14),(37,15)|(38,15),(38,16)|(42,6),(42,7)|(42,22),(42,23)|(42,31),(42,32)|(43,7),(43,9)|(43,12),(43,16)|(43,23),(43,26)|(43,30),(43,31)|(44,7),(44,9)|(44,12),(44,15)|(44,23),(44,26)|(44,30),(44,31)|(45,6),(45,7)|(45,15),(45,16)|(45,22),(45,23)|(45,31),(45,32)|(51,31),(51,33)|(52,31),(52,33)|(53,31),(53,33)|(54,31),(54,33)|(60,15),(60,16)|(60,23),(60,31)|(61,6),(61,7)|(61,14),(61,15)|(62,7),(62,9)|(62,13),(62,14)|(62,17),(62,18)|(62,20),(62,21)|(63,7),(63,9)|(63,13),(63,15)|(64,6),(64,7)|(65,15),(65,32)|(68,32),(68,33)|(69,6),(69,10)|(69,13),(69,15)|(69,32),(69,33)|(71,32),(71,34)|(72,6),(72,10)|(72,14),(72,15)|(72,32),(72,34)|(73,13),(73,14)|(75,16),(75,32)|(76,15),(76,16)|(77,6),(77,15)|(78,6),(78,15)|(80,15),(80,32)|(83,32),(83,34)|(84,6),(84,10)|(84,12),(84,14)|(84,32),(84,34)|(86,32),(86,34)|(87,6),(87,10)|(87,13),(87,14)|(87,32),(87,34)|(88,12),(88,13)|(90,15),(90,32)|(92,6),(92,10)|(92,13),(92,15)|(93,6),(93,10)|(93,13),(93,15)|(95,7),(95,9)|(95,10),(95,11)|(95,12),(95,13)|(95,14),(95,15)|(97,9),(97,10)|(97,11),(97,12)|(97,13),(97,14)|
(13,5),(14,5)|(15,5),(16,5)|(7,6),(11,6)|(18,6),(23,6)|(26,6),(42,6)|(45,6),(61,6)|(64,6),(69,6)|(72,6),(77,6)|(78,6),(84,6)|(87,6),(92,6)|(93,6),(94,6)|(12,7),(13,7)|(14,7),(15,7)|(16,7),(17,7)|(23,7),(24,7)|(25,7),(26,7)|(42,7),(43,7)|(44,7),(45,7)|(61,7),(62,7)|(63,7),(64,7)|(4,9),(6,9)|(43,9),(44,9)|(62,9),(63,9)|(95,9),(97,9)|(4,10),(6,10)|(24,10),(25,10)|(69,10),(72,10)|(84,10),(87,10)|(92,10),(93,10)|(95,10),(97,10)|(4,11),(6,11)|(95,11),(97,11)|(4,12),(6,12)|(43,12),(44,12)|(84,12),(88,12)|(95,12),(97,12)|(4,13),(6,13)|(62,13),(63,13)|(69,13),(73,13)|(87,13),(88,13)|(92,13),(93,13)|(95,13),(97,13)|(4,14),(6,14)|(24,14),(25,14)|(35,14),(37,14)|(61,14),(62,14)|(72,14),(73,14)|(95,14),(97,14)|(14,15),(17,15)|(31,15),(35,15)|(37,15),(38,15)|(44,15),(45,15)|(60,15),(61,15)|(63,15),(65,15)|(76,15),(77,15)|(78,15),(80,15)|(85,15),(86,15)|(90,15),(92,15)|(93,15),(95,15)|(7,16),(14,16)|(17,16),(24,16)|(25,16),(30,16)|(38,16),(43,16)|(45,16),(60,16)|(70,16),(71,16)|(75,16),(76,16)|(5,17),(62,17)|(6,18),(62,18)|(6,20),(62,20)|(5,21),(62,21)|(7,22),(23,22)|(26,22),(32,22)|(33,22),(35,22)|(36,22),(42,22)|(45,22),(59,22)|(23,23),(24,23)|(25,23),(26,23)|(32,23),(33,23)|(35,23),(36,23)|(42,23),(43,23)|(44,23),(45,23)|(4,24),(6,24)|(4,25),(6,25)|(4,26),(6,26)|(43,26),(44,26)|(4,27),(6,27)|(4,28),(6,28)|(24,28),(25,28)|(4,29),(6,29)|(43,30),(44,30)|(12,31),(13,31)|(14,31),(15,31)|(16,31),(17,31)|(24,31),(25,31)|(42,31),(43,31)|(44,31),(45,31)|(50,31),(51,31)|(52,31),(53,31)|(54,31),(55,31)|(7,32),(11,32)|(18,32),(24,32)|(25,32),(42,32)|(45,32),(49,32)|(56,32),(59,32)|(65,32),(68,32)|(69,32),(71,32)|(72,32),(75,32)|(80,32),(83,32)|(84,32),(86,32)|(87,32),(90,32)|(13,33),(14,33)|(15,33),(16,33)|(51,33),(52,33)|(53,33),(54,33)|(68,33),(69,33)|(71,34),(72,34)|(83,34),(84,34)|(86,34),(87,34)|
(6,15),(7,16)|(6,31),(7,32)|(11,6),(12,7)|(17,31),(18,32)|(55,31),(56,32)|(59,22),(60,23)|(69,15),(70,16)|(84,14),(85,15)|(94,6),(95,7)|
(6,7),(7,6)|(6,23),(7,22)|(11,32),(12,31)|(17,7),(18,6)|(30,16),(31,15)|(49,32),(50,31)|(59,32),(60,31)|(71,16),(72,15)|(86,15),(87,14)|
(13.5,6),(13.5,11)|(15.5,6),(15.5,12)|(32.5,23),(32.5,25)|(35.5,23),(35.5,25)|(53.5,28),(53.5,32)|(68.5,21),(68.5,33)|(70.5,10),(70.5,13)|(71.5,19),(71.5,33)|(83.5,23),(83.5,33)|(85.5,10),(85.5,12)|(86.5,18),(86.5,33)|
None|
end file : DS_B01