Piece : SH_B03
50x75
370x190
.......................................###########
......................................############
....................................#########=####
....................................#########|####
.........................................|...|...#
.........................................|...|..##
.............................................|..##
.............................................|.###
.............................................|....
................................###....##########.
...............................###------#########.
.................................#.....##########.
...............................................##.
...............................................##.
...............................................##.
...............................................##.
..................................................
...............................................###
..............................................-###
...............................................###
...............................................###
.............................................#####
.............................##.............######
............................####-............#####
.............................#.#----...........###
...............................................###
...............................................###
...................................|...........###
...................................|............##
...................................|............##
...................................|............##
...................................|.............#
...................................|............##
...................................|...........###
..........................###.....###.........####
.........................#####....####......######
..........................###....###.........#####
.........................................|...|.###
.........................................|...|.###
.........................................|.....###
.........................................|.....###
.........................................|.....###
.........................................|...|.###
.........................................|...|.###
.........................................|...|.###
.........................................|...|.###
.........................................|...|.###
.....................###--............###|###|####
...................######---###--..--####|###|####
.....................###....#..........##|###|####
.........................................|...|.###
##.......................................|...|.###
##.......................................|...|.###
###......................................|...|.###
####.....................................|...|.###
#####....................................|...|.###
####.....................................|...|.###
#####....................................|...|..##
####.....................................|...|####
####.....................................|...#####
####.............###........####......###H########
#####...........#####--------##--------##|########
######...........###.........#........###|########
######......|............................|...|.###
###=#.......|............................|...|.###
########....|............................|...|.###
######......|............................|...|.###
######......|................|...........|...|..##
######......#.......|........|...........|...|.###
######....####......|...|....|.....|.....|...|..##
###############/....|...|....|.....|.../##########
################/...|...|....|.....|../###########
#################...|...|....|.....|..############
#################...|...|....|.....|..############
##################################################
(2,51),(2,53)|(3,53),(3,54)|(3,64),(3,65)|(4,54),(4,55)|(4,56),(4,57)|(4,58),(4,61)|(4,64),(4,65)|(5,55),(5,56)|(5,57),(5,58)|(5,61),(5,62)|(5,64),(5,65)|(6,62),(6,64)|(6,66),(6,70)|(8,65),(8,66)|(10,69),(10,70)|(12,68),(12,69)|(13,68),(13,69)|(14,69),(14,70)|(16,61),(16,62)|(17,60),(17,61)|(17,62),(17,63)|(17,72),(17,74)|(19,48),(19,49)|(20,60),(20,61)|(20,62),(20,63)|(21,47),(21,48)|(21,49),(21,50)|(21,61),(21,62)|(24,47),(24,48)|(24,49),(24,50)|(25,35),(25,36)|(25,48),(25,49)|(26,34),(26,35)|(26,36),(26,37)|(28,23),(28,24)|(28,48),(28,50)|(28,60),(28,61)|(29,22),(29,23)|(29,24),(29,25)|(29,34),(29,35)|(29,36),(29,37)|(29,49),(29,50)|(29,61),(29,63)|(30,24),(30,25)|(30,35),(30,36)|(30,62),(30,63)|(31,10),(31,11)|(31,22),(31,23)|(31,24),(31,25)|(31,48),(31,49)|(31,61),(31,62)|(32,9),(32,10)|(32,23),(32,25)|(32,60),(32,61)|(33,11),(33,12)|(33,36),(33,37)|(34,10),(34,12)|(34,34),(34,36)|(35,9),(35,10)|(36,2),(36,4)|(36,36),(36,37)|(37,34),(37,35)|(37,48),(37,49)|(38,1),(38,2)|(38,35),(38,36)|(38,47),(38,48)|(38,60),(38,61)|(38,62),(38,63)|(38,72),(38,74)|(39,0),(39,1)|(39,9),(39,10)|(39,11),(39,12)|(39,49),(39,50)|(39,61),(39,62)|(40,10),(40,11)|(41,47),(41,50)|(41,60),(41,63)|(42,47),(42,50)|(42,60),(42,63)|(44,22),(44,23)|(44,35),(44,36)|(45,2),(45,4)|(45,21),(45,22)|(45,23),(45,24)|(45,36),(45,37)|(45,47),(45,50)|(45,59),(45,60)|(46,2),(46,4)|(46,34),(46,35)|(46,47),(46,50)|(46,58),(46,59)|(47,7),(47,8)|(47,12),(47,16)|(47,17),(47,21)|(47,24),(47,28)|(47,33),(47,34)|(47,37),(47,47)|(47,50),(47,57)|(47,63),(47,67)|(47,68),(47,69)|(48,5),(48,7)|(48,28),(48,31)|(48,32),(48,33)|(48,57),(48,58)|(48,67),(48,68)|(48,69),(48,70)|(49,4),(49,5)|(49,9),(49,16)|(49,31),(49,32)|(50,8),(50,17)|
(38,1),(39,1)|(36,2),(38,2)|(45,2),(46,2)|(36,4),(45,4)|(46,4),(49,4)|(48,5),(49,5)|(47,7),(48,7)|(47,8),(50,8)|(32,9),(35,9)|(39,9),(49,9)|(31,10),(32,10)|(34,10),(35,10)|(39,10),(40,10)|(31,11),(33,11)|(39,11),(40,11)|(33,12),(34,12)|(39,12),(47,12)|(47,16),(49,16)|(47,17),(50,17)|(45,21),(47,21)|(29,22),(31,22)|(44,22),(45,22)|(28,23),(29,23)|(31,23),(32,23)|(44,23),(45,23)|(28,24),(29,24)|(30,24),(31,24)|(45,24),(47,24)|(29,25),(30,25)|(31,25),(32,25)|(47,28),(48,28)|(48,31),(49,31)|(48,32),(49,32)|(47,33),(48,33)|(26,34),(29,34)|(34,34),(37,34)|(46,34),(47,34)|(25,35),(26,35)|(29,35),(30,35)|(37,35),(38,35)|(44,35),(46,35)|(25,36),(26,36)|(29,36),(30,36)|(33,36),(34,36)|(36,36),(38,36)|(44,36),(45,36)|(26,37),(29,37)|(33,37),(36,37)|(45,37),(47,37)|(21,47),(24,47)|(38,47),(41,47)|(42,47),(45,47)|(46,47),(47,47)|(19,48),(21,48)|(24,48),(25,48)|(28,48),(31,48)|(37,48),(38,48)|(19,49),(21,49)|(24,49),(25,49)|(29,49),(31,49)|(37,49),(39,49)|(21,50),(24,50)|(28,50),(29,50)|(39,50),(41,50)|(42,50),(45,50)|(46,50),(47,50)|(0,51),(2,51)|(2,53),(3,53)|(3,54),(4,54)|(4,55),(5,55)|(4,56),(5,56)|(4,57),(5,57)|(47,57),(48,57)|(4,58),(5,58)|(46,58),(48,58)|(45,59),(46,59)|(17,60),(20,60)|(28,60),(32,60)|(38,60),(41,60)|(42,60),(45,60)|(4,61),(5,61)|(16,61),(17,61)|(20,61),(21,61)|(28,61),(29,61)|(31,61),(32,61)|(38,61),(39,61)|(5,62),(6,62)|(16,62),(17,62)|(20,62),(21,62)|(30,62),(31,62)|(38,62),(39,62)|(17,63),(20,63)|(29,63),(30,63)|(38,63),(41,63)|(42,63),(47,63)|(3,64),(4,64)|(5,64),(6,64)|(3,65),(4,65)|(5,65),(8,65)|(6,66),(8,66)|(47,67),(48,67)|(12,68),(13,68)|(47,68),(48,68)|(10,69),(12,69)|(13,69),(14,69)|(47,69),(48,69)|(6,70),(10,70)|(14,70),(15,70)|(40,70),(48,70)|(17,74),(38,74)|
(15,70),(17,72)|
(38,72),(40,70)|
(12.5,63),(12.5,68)|(20.5,68),(20.5,74)|(24.5,69),(24.5,74)|(29.5,67),(29.5,74)|(35.5,27),(35.5,34)|(35.5,69),(35.5,74)|(41.5,4),(41.5,6)|(41.5,37),(41.5,60)|(41.5,61),(41.5,70)|(45.5,3),(45.5,9)|(45.5,37),(45.5,39)|(45.5,42),(45.5,59)|(45.5,63),(45.5,70)|
(34,10.5),(40,10.5)|(46,18.5),(47,18.5)|(32,23.5),(33,23.5)|(32,24.5),(36,24.5)|(24,47.5),(26,47.5)|(25,48.5),(28,48.5)|(31,48.5),(33,48.5)|(35,48.5),(37,48.5)|(21,61.5),(29,61.5)|(31,61.5),(39,61.5)|
end file : SH_B03