Piece : SH_C02
163x33
-1148x413
..........................................................................................................................................................#########
.........................................................................................................................................|................#########
.........................................................................................................................................|................#########
.........................................................................................................................................|................#########
.........................................................................................................................................|................#########
.........................................................................................................................................|................#########
.........................................................................................................................................|................#########
.............................................................................................................................#######.....|................#########
######.......................................................................................................................#######.....|................#########
######..........|...........................................................................................................########.....|................#########
#####...........|...........................................................................................................########.....|................#########
######..........|..................|.................................................................................####....#######.....|...............##########
####################...............|................................................................................#####....########....|...###.........##########
#################..................|................................................................................#####....########....|...|.|..........#########
########........|..................|...............................................................................######...########.....|...|.|..........#########
######=.........|...............###|.....................##.............................###........................######...########.....#...###..........#########
#########.......|...####.###..######....................######.......................########.......................#####....#########...|...#=#.........##########
########################################----.....--###############...........######################################################################################
##########################################--------#####################...############################################################################=############
############################################...####################################################################################################################
#############################################.#####################################################################################################################
###################################################################################################################################################################
###################################################################################################################################################################
####################################################################################################################################################.#.############
./##########/......./##########/......./##########/......./##########/......./##########/......./##########/......./##########/......./##########/......./#########
../########/........./########/........./########/........./########/........./########/........./########/........./########/........./########/........./#######/
...########...........########...........########...........########...........########...........########...........########...........########...........#######.
...########...........########...........########...........########...........########...........########...........########...........########...........#######.
...########...........########...........########...........########...........########...........########...........########...........########...........#######.
...########...........########...........########...........########...........########...........########...........########...........########...........#######.
...########...........########...........########...........########...........########...........########...........########...........########...........#######.
...########...........########...........########...........########...........########...........########...........########...........########...........#######.
...########...........########...........########...........########...........########...........########...........########...........########...........#######.
(0,8),(0,24)|(3,26),(3,33)|(5,10),(5,11)|(6,8),(6,10)|(6,11),(6,12)|(6,15),(6,16)|(8,14),(8,15)|(9,16),(9,17)|(11,26),(11,33)|(17,13),(17,14)|(20,12),(20,13)|(20,16),(20,17)|(22,26),(22,33)|(24,16),(24,17)|(25,16),(25,17)|(28,16),(28,17)|(30,16),(30,17)|(30,26),(30,33)|(32,15),(32,16)|(35,15),(35,16)|(36,16),(36,17)|(40,17),(40,18)|(41,26),(41,33)|(42,18),(42,19)|(44,19),(44,20)|(45,20),(45,21)|(46,20),(46,21)|(47,19),(47,20)|(49,26),(49,33)|(50,18),(50,19)|(51,17),(51,18)|(56,16),(56,17)|(57,15),(57,16)|(59,15),(59,16)|(60,26),(60,33)|(62,16),(62,17)|(66,17),(66,18)|(68,26),(68,33)|(71,18),(71,19)|(74,18),(74,19)|(77,17),(77,18)|(79,26),(79,33)|(85,16),(85,17)|(87,26),(87,33)|(88,15),(88,16)|(91,15),(91,16)|(93,16),(93,17)|(98,26),(98,33)|(106,26),(106,33)|(115,14),(115,16)|(116,12),(116,14)|(116,16),(116,17)|(117,11),(117,12)|(117,26),(117,33)|(121,11),(121,17)|(124,9),(124,11)|(124,14),(124,16)|(125,7),(125,9)|(125,11),(125,14)|(125,16),(125,17)|(125,26),(125,33)|(132,7),(132,12)|(132,14),(132,16)|(133,12),(133,14)|(134,16),(134,17)|(136,26),(136,33)|(137,15),(137,16)|(138,15),(138,16)|(141,12),(141,13)|(141,15),(141,17)|(142,16),(142,17)|(143,16),(143,17)|(144,12),(144,13)|(144,15),(144,17)|(144,26),(144,33)|(148,23),(148,24)|(149,23),(149,24)|(150,18),(150,19)|(150,23),(150,24)|(151,18),(151,19)|(151,23),(151,24)|(153,11),(153,13)|(153,16),(153,17)|(154,0),(154,11)|(154,13),(154,16)|(155,26),(155,33)|(162,26),(162,33)|
(125,7),(132,7)|(0,8),(6,8)|(124,9),(125,9)|(5,10),(6,10)|(5,11),(6,11)|(117,11),(121,11)|(124,11),(125,11)|(153,11),(154,11)|(6,12),(20,12)|(116,12),(117,12)|(132,12),(133,12)|(141,12),(144,12)|(17,13),(20,13)|(141,13),(144,13)|(153,13),(154,13)|(8,14),(17,14)|(115,14),(116,14)|(124,14),(125,14)|(132,14),(133,14)|(6,15),(8,15)|(32,15),(35,15)|(57,15),(59,15)|(88,15),(91,15)|(137,15),(138,15)|(141,15),(144,15)|(6,16),(9,16)|(20,16),(24,16)|(25,16),(28,16)|(30,16),(32,16)|(35,16),(36,16)|(56,16),(57,16)|(59,16),(62,16)|(85,16),(88,16)|(91,16),(93,16)|(115,16),(116,16)|(124,16),(125,16)|(132,16),(134,16)|(137,16),(138,16)|(142,16),(143,16)|(153,16),(154,16)|(9,17),(20,17)|(24,17),(25,17)|(28,17),(30,17)|(36,17),(40,17)|(51,17),(56,17)|(62,17),(66,17)|(77,17),(85,17)|(93,17),(116,17)|(121,17),(125,17)|(134,17),(141,17)|(142,17),(143,17)|(144,17),(153,17)|(40,18),(42,18)|(50,18),(51,18)|(66,18),(71,18)|(74,18),(77,18)|(150,18),(151,18)|(42,19),(44,19)|(47,19),(50,19)|(71,19),(74,19)|(150,19),(151,19)|(44,20),(45,20)|(46,20),(47,20)|(45,21),(46,21)|(148,23),(149,23)|(150,23),(151,23)|(0,24),(1,24)|(13,24),(20,24)|(32,24),(39,24)|(51,24),(58,24)|(70,24),(77,24)|(89,24),(96,24)|(108,24),(115,24)|(127,24),(134,24)|(146,24),(148,24)|(149,24),(150,24)|(151,24),(153,24)|(3,33),(11,33)|(22,33),(30,33)|(41,33),(49,33)|(60,33),(68,33)|(79,33),(87,33)|(98,33),(106,33)|(117,33),(125,33)|(136,33),(144,33)|(155,33),(162,33)|
(1,24),(3,26)|(20,24),(22,26)|(39,24),(41,26)|(58,24),(60,26)|(77,24),(79,26)|(96,24),(98,26)|(115,24),(117,26)|(134,24),(136,26)|(153,24),(155,26)|
(11,26),(13,24)|(30,26),(32,24)|(49,26),(51,24)|(68,26),(70,24)|(87,26),(89,24)|(106,26),(108,24)|(125,26),(127,24)|(144,26),(146,24)|(162,26),(163,25)|
(16.5,9),(16.5,12)|(16.5,14),(16.5,17)|(35.5,11),(35.5,16)|(137.5,1),(137.5,15)|(137.5,16),(137.5,17)|(141.5,13),(141.5,15)|(143.5,13),(143.5,15)|
(40,17.5),(44,17.5)|(49,17.5),(51,17.5)|(42,18.5),(50,18.5)|
end file : SH_C02