Piece : CC_A15
48x35
-202x261
................................................
................................................
................................................
................................................
................................................
..........................##....................
..........................##..........##........
..................|.......##.......#..##........
......|...........|.......##.......#..##........
......|...........|.......##.......#..##........
......|...........|......####......#..###.......
......|...........|.....##################......
......|...........|.....##################......
......|...........|......=##################....
......|...........|.....####################....
......|.........--+------=################......
......|...........|.....##################......
......|....-------+------=################......
......|...........|.....##################......
.....####......---#-------##################....
....######.....#####....####################....
...#######################################......
...########=#=############################......
...#######################################......
.../#####################################/......
..../###################################/.......
................####.....####...####............
................####.....####...####............
................####.....####...####............
................####.....####...####............
................................................
................................................
................................................
................................................
................................................
(3,21),(3,24)|(4,20),(4,21)|(5,19),(5,20)|(9,19),(9,20)|(10,20),(10,21)|(11,22),(11,23)|(12,22),(12,23)|(13,22),(13,23)|(14,22),(14,23)|(15,20),(15,21)|(16,26),(16,30)|(18,19),(18,20)|(19,19),(19,20)|(20,20),(20,21)|(20,26),(20,30)|(24,11),(24,13)|(24,14),(24,15)|(24,16),(24,17)|(24,18),(24,19)|(24,20),(24,21)|(25,10),(25,11)|(25,26),(25,30)|(26,5),(26,10)|(26,13),(26,14)|(26,15),(26,16)|(26,17),(26,18)|(26,19),(26,20)|(28,5),(28,10)|(29,10),(29,11)|(29,26),(29,30)|(32,26),(32,30)|(35,7),(35,11)|(36,7),(36,11)|(36,26),(36,30)|(38,6),(38,11)|(40,6),(40,10)|(41,10),(41,11)|(42,11),(42,13)|(42,15),(42,19)|(42,21),(42,24)|(44,13),(44,15)|(44,19),(44,21)|
(26,5),(28,5)|(38,6),(40,6)|(35,7),(36,7)|(25,10),(26,10)|(28,10),(29,10)|(40,10),(41,10)|(24,11),(25,11)|(29,11),(35,11)|(36,11),(38,11)|(41,11),(42,11)|(24,13),(26,13)|(42,13),(44,13)|(24,14),(26,14)|(24,15),(26,15)|(42,15),(44,15)|(24,16),(26,16)|(24,17),(26,17)|(24,18),(26,18)|(5,19),(9,19)|(18,19),(19,19)|(24,19),(26,19)|(42,19),(44,19)|(4,20),(5,20)|(9,20),(10,20)|(15,20),(18,20)|(19,20),(20,20)|(24,20),(26,20)|(3,21),(4,21)|(10,21),(15,21)|(20,21),(24,21)|(42,21),(44,21)|(11,22),(12,22)|(13,22),(14,22)|(11,23),(12,23)|(13,23),(14,23)|(5,26),(16,26)|(20,26),(25,26)|(29,26),(32,26)|(36,26),(40,26)|(16,30),(20,30)|(25,30),(29,30)|(32,30),(36,30)|
(3,24),(5,26)|
(40,26),(42,24)|
(6.5,8),(6.5,19)|(18.5,7),(18.5,19)|
(16,15.5),(25,15.5)|(11,17.5),(25,17.5)|(15,19.5),(18,19.5)|(19,19.5),(26,19.5)|
end file : CC_A15