Piece : CC_B05
119x35
-278x-425
..............................|.........................................##########...........##########................
..............................|.........................................##########...........##########................
.........#####................|.......####..............................##########...........###########...............
........##=#####.............####.....####..............................##########..........##############.............
.....#################.....################.....################....###################|######################.........
.....................................................................=##############=#####=###################.........
....................................................................##########################################.........
.....#################.....################.....################....##########################################.........
.................####..........##.....................##=#..............##########...........##########................
.................####----------##.....................##|#..............##########...........##########................
..................###...................................|...............##########...........##########................
........................................................|.........|.....##########...........##########................
....................................................----+---------+-----##########-----------###########----...........
........................................................|.........|.....##########...........##########................
.......................|................................|.........|.....##########...#####...##########................
.......................|..........................................|.....##########...#=#=#...##########................
.......................|..........................................|.....##########...#####...##########................
.......................|..........................................|.....##########...#####...##########................
.......|...............|..........................................|.....##########...........##########................
.......|...............|...............|..........................|.....##########...........##########................
.......|............---+---------------+-.........................|.....##########.........--###########-..............
.......|...............|...............|........................--+-----##########----------.##########................
.......|...#####.......|...............|...............##.#.......|....###########...........###########...............
.......|..##=#=#.......|............###H#..........######=####....|...############...........#############.............
.....#################.|...##########=#####.....################..|.##################...#####################.........
.....#################.|...################.....################..|.################=#...#=###################.........
.......................|..........................................|..=################...#####################.........
.......................|..........................................|.##################...#####################.........
.....#################.|...################.....################..|.##################...#####################.........
................#####..|....####...........................####...|.....##########...........##########................
................#######|....####---------------------------#######################...........##########................
................#######+......##.............................#####################...........##########................
...................####+..........................................|.....##########...........##########................
...................####|..........................................|.....##########...........##########................
...................##..|..........................................|.....##########...........##########................
(5,4),(5,5)|(5,7),(5,8)|(5,24),(5,26)|(5,28),(5,29)|(8,3),(8,4)|(9,2),(9,3)|(10,3),(10,4)|(10,23),(10,24)|(11,3),(11,4)|(11,22),(11,23)|(12,23),(12,24)|(13,23),(13,24)|(14,2),(14,3)|(14,23),(14,24)|(15,23),(15,24)|(16,3),(16,4)|(16,22),(16,24)|(16,29),(16,32)|(17,8),(17,10)|(18,10),(18,11)|(19,32),(19,35)|(21,8),(21,11)|(21,29),(21,30)|(21,34),(21,35)|(22,4),(22,5)|(22,7),(22,8)|(22,24),(22,26)|(22,28),(22,29)|(23,30),(23,34)|(27,4),(27,5)|(27,7),(27,8)|(27,24),(27,26)|(27,28),(27,29)|(28,29),(28,31)|(29,3),(29,4)|(30,31),(30,32)|(31,8),(31,10)|(32,29),(32,32)|(33,3),(33,4)|(33,8),(33,10)|(36,23),(36,24)|(37,24),(37,25)|(38,2),(38,4)|(38,24),(38,25)|(39,23),(39,24)|(40,23),(40,24)|(41,23),(41,24)|(42,2),(42,4)|(43,4),(43,5)|(43,7),(43,8)|(43,24),(43,26)|(43,28),(43,29)|(48,4),(48,5)|(48,7),(48,8)|(48,24),(48,26)|(48,28),(48,29)|(51,23),(51,24)|(54,8),(54,10)|(55,22),(55,23)|(56,8),(56,10)|(57,8),(57,10)|(57,22),(57,24)|(58,8),(58,10)|(58,22),(58,24)|(59,22),(59,23)|(59,29),(59,31)|(61,31),(61,32)|(62,23),(62,24)|(63,29),(63,30)|(64,4),(64,5)|(64,7),(64,8)|(64,24),(64,26)|(64,28),(64,29)|(68,4),(68,5)|(68,6),(68,8)|(68,24),(68,26)|(68,27),(68,29)|(70,5),(70,6)|(70,23),(70,24)|(70,26),(70,27)|(71,22),(71,23)|(72,0),(72,4)|(72,8),(72,22)|(72,29),(72,30)|(72,32),(72,35)|(82,0),(82,4)|(82,8),(82,24)|(82,29),(82,35)|(84,5),(84,6)|(84,25),(84,26)|(85,5),(85,6)|(85,14),(85,18)|(85,25),(85,26)|(86,15),(86,16)|(86,24),(86,29)|(87,4),(87,5)|(87,15),(87,16)|(88,4),(88,5)|(88,15),(88,16)|(89,15),(89,16)|(89,24),(89,29)|(90,5),(90,6)|(90,14),(90,18)|(90,25),(90,26)|(91,5),(91,6)|(91,25),(91,26)|(92,3),(92,4)|(93,0),(93,3)|(93,8),(93,24)|(93,29),(93,35)|(103,0),(103,2)|(103,8),(103,12)|(103,13),(103,20)|(103,21),(103,22)|(103,29),(103,35)|(104,2),(104,3)|(104,12),(104,13)|(104,20),(104,21)|(104,22),(104,23)|(106,3),(106,4)|(106,23),(106,24)|(110,4),(110,8)|(110,24),(110,29)|
(72,0),(82,0)|(93,0),(103,0)|(9,2),(14,2)|(38,2),(42,2)|(103,2),(104,2)|(8,3),(9,3)|(10,3),(11,3)|(14,3),(16,3)|(29,3),(33,3)|(92,3),(93,3)|(104,3),(106,3)|(5,4),(8,4)|(10,4),(11,4)|(16,4),(22,4)|(27,4),(29,4)|(33,4),(38,4)|(42,4),(43,4)|(48,4),(64,4)|(68,4),(72,4)|(82,4),(87,4)|(88,4),(92,4)|(106,4),(110,4)|(5,5),(22,5)|(27,5),(43,5)|(48,5),(64,5)|(68,5),(70,5)|(84,5),(85,5)|(87,5),(88,5)|(90,5),(91,5)|(68,6),(70,6)|(84,6),(85,6)|(90,6),(91,6)|(5,7),(22,7)|(27,7),(43,7)|(48,7),(64,7)|(5,8),(17,8)|(21,8),(22,8)|(27,8),(31,8)|(33,8),(43,8)|(48,8),(54,8)|(56,8),(57,8)|(58,8),(64,8)|(68,8),(72,8)|(82,8),(93,8)|(103,8),(110,8)|(17,10),(18,10)|(31,10),(33,10)|(54,10),(56,10)|(57,10),(58,10)|(18,11),(21,11)|(103,12),(104,12)|(103,13),(104,13)|(85,14),(90,14)|(86,15),(87,15)|(88,15),(89,15)|(86,16),(87,16)|(88,16),(89,16)|(85,18),(90,18)|(103,20),(104,20)|(103,21),(104,21)|(11,22),(16,22)|(55,22),(57,22)|(58,22),(59,22)|(71,22),(72,22)|(103,22),(104,22)|(10,23),(11,23)|(12,23),(13,23)|(14,23),(15,23)|(36,23),(39,23)|(40,23),(41,23)|(51,23),(55,23)|(59,23),(62,23)|(70,23),(71,23)|(104,23),(106,23)|(5,24),(10,24)|(12,24),(13,24)|(14,24),(15,24)|(16,24),(22,24)|(27,24),(36,24)|(37,24),(38,24)|(39,24),(40,24)|(41,24),(43,24)|(48,24),(51,24)|(57,24),(58,24)|(62,24),(64,24)|(68,24),(70,24)|(82,24),(86,24)|(89,24),(93,24)|(106,24),(110,24)|(37,25),(38,25)|(84,25),(85,25)|(90,25),(91,25)|(5,26),(22,26)|(27,26),(43,26)|(48,26),(64,26)|(68,26),(70,26)|(84,26),(85,26)|(90,26),(91,26)|(68,27),(70,27)|(5,28),(22,28)|(27,28),(43,28)|(48,28),(64,28)|(5,29),(16,29)|(21,29),(22,29)|(27,29),(28,29)|(32,29),(43,29)|(48,29),(59,29)|(63,29),(64,29)|(68,29),(72,29)|(82,29),(86,29)|(89,29),(93,29)|(103,29),(110,29)|(21,30),(23,30)|(63,30),(72,30)|(28,31),(30,31)|(59,31),(61,31)|(16,32),(19,32)|(30,32),(32,32)|(61,32),(72,32)|(21,34),(23,34)|(19,35),(21,35)|(72,35),(82,35)|(93,35),(103,35)|
None|
None|
(7.5,18),(7.5,24)|(23.5,14),(23.5,35)|(30.5,0),(30.5,3)|(39.5,19),(39.5,23)|(56.5,9),(56.5,15)|(66.5,11),(66.5,30)|(66.5,32),(66.5,35)|(87.5,4),(87.5,5)|
(21,9.5),(31,9.5)|(52,12.5),(72,12.5)|(82,12.5),(93,12.5)|(104,12.5),(108,12.5)|(20,20.5),(41,20.5)|(91,20.5),(93,20.5)|(104,20.5),(105,20.5)|(64,21.5),(72,21.5)|(82,21.5),(92,21.5)|(32,30.5),(59,30.5)|(23,31.5),(24,31.5)|(23,32.5),(24,32.5)|
end file : CC_B05