Piece : CC_B01
48x78
-420x-247
.............##.......#####.....................
...........####....##########....####...........
....########################################....
....########################################....
....########################################....
................................................
................................................
................................................
................................................
.............|........|.........................
.............|........|.........................
.............|........|.........#####...........
...........--+--------+---......#=#=#...|.......
.............|........|.........#####...|.......
.............|........|.........####....|.......
.............|.......###........|..|....|.......
............#H##....######......|..|..###.......
....###########################.+--+.#######....
....##=#=######################.|..|.#######....
....###########################.|..|.#######....
....######......................+--+............
................................|..|............
................................|..|............
................................+--+............
................................|..|............
................................|..|............
................................+...............
................................|...............
................................|...............
................................+--+............
..................##............|..|............
.................####.####......####............
....########H##?########=#########=#########....
....########|..|############################....
....########|..|############################....
............+--+.....#####......................
............|..|......##........................
...............|......##........................
................................................
................................................
............|...................................
............+--+................................
............|..|................................
............|..|................................
............+--+................................
............|..|................................
............####......######....................
....#########=#########=########H##H########....
....##=#########################|..|########....
....############################|..|########....
.....................#####......+--+............
......................####......|..|............
......................##........|..|............
......................##........+--+............
................................|..|............
................................|..|............
................................+--+............
................................|..|............
................................|..|............
................................+--+............
................................|##|............
...........#######....####.....#####............
....#########=##########=###################....
....##=#####################################....
....########################################....
.....###################################........
.....###################################........
................#.....##################........
................#.....##################........
......................####......................
......................####......................
......................####......................
......................####......................
......................####......................
......................####......................
......................####......................
......................####......................
......................####......................
(4,2),(4,5)|(4,17),(4,21)|(4,32),(4,35)|(4,47),(4,50)|(4,62),(4,65)|(5,65),(5,67)|(6,18),(6,19)|(6,48),(6,49)|(6,63),(6,64)|(7,18),(7,19)|(7,48),(7,49)|(7,63),(7,64)|(8,18),(8,19)|(9,18),(9,19)|(10,20),(10,21)|(11,1),(11,2)|(11,61),(11,62)|(12,16),(12,17)|(12,32),(12,35)|(12,46),(12,47)|(13,0),(13,1)|(13,16),(13,17)|(13,32),(13,33)|(13,47),(13,48)|(13,62),(13,63)|(14,16),(14,17)|(14,47),(14,48)|(14,62),(14,63)|(15,0),(15,2)|(16,16),(16,17)|(16,35),(16,46)|(16,47),(16,67)|(17,31),(17,32)|(17,67),(17,69)|(18,30),(18,31)|(18,61),(18,62)|(19,1),(19,2)|(20,16),(20,17)|(20,30),(20,31)|(21,15),(21,16)|(21,31),(21,32)|(21,35),(21,36)|(21,50),(21,51)|(22,0),(22,1)|(22,31),(22,32)|(22,36),(22,38)|(22,46),(22,47)|(22,51),(22,54)|(22,61),(22,62)|(22,67),(22,78)|(23,47),(23,48)|(24,15),(24,16)|(24,32),(24,33)|(24,36),(24,38)|(24,47),(24,48)|(24,52),(24,54)|(24,62),(24,63)|(25,32),(25,33)|(25,62),(25,63)|(26,16),(26,17)|(26,31),(26,32)|(26,35),(26,36)|(26,50),(26,52)|(26,61),(26,62)|(26,69),(26,78)|(27,0),(27,1)|(28,46),(28,47)|(29,1),(29,2)|(31,17),(31,20)|(31,61),(31,62)|(32,11),(32,15)|(32,31),(32,32)|(32,47),(32,50)|(33,1),(33,2)|(33,12),(33,13)|(33,47),(33,48)|(33,60),(33,61)|(34,12),(34,13)|(34,32),(34,33)|(35,12),(35,13)|(35,32),(35,33)|(35,47),(35,48)|(35,60),(35,61)|(36,12),(36,13)|(36,14),(36,15)|(36,31),(36,32)|(36,47),(36,50)|(36,61),(36,62)|(37,1),(37,2)|(37,11),(37,14)|(37,17),(37,20)|(38,16),(38,17)|(40,65),(40,69)|(41,16),(41,17)|(44,2),(44,5)|(44,17),(44,20)|(44,32),(44,35)|(44,47),(44,50)|(44,62),(44,65)|
(13,0),(15,0)|(22,0),(27,0)|(11,1),(13,1)|(19,1),(22,1)|(27,1),(29,1)|(33,1),(37,1)|(4,2),(11,2)|(15,2),(19,2)|(29,2),(33,2)|(37,2),(44,2)|(4,5),(44,5)|(32,11),(37,11)|(33,12),(34,12)|(35,12),(36,12)|(33,13),(34,13)|(35,13),(36,13)|(36,14),(37,14)|(21,15),(24,15)|(32,15),(36,15)|(12,16),(13,16)|(14,16),(16,16)|(20,16),(21,16)|(24,16),(26,16)|(38,16),(41,16)|(4,17),(12,17)|(13,17),(14,17)|(16,17),(20,17)|(26,17),(31,17)|(37,17),(38,17)|(41,17),(44,17)|(6,18),(7,18)|(8,18),(9,18)|(6,19),(7,19)|(8,19),(9,19)|(10,20),(31,20)|(37,20),(44,20)|(4,21),(10,21)|(18,30),(20,30)|(17,31),(18,31)|(20,31),(21,31)|(22,31),(26,31)|(32,31),(36,31)|(4,32),(12,32)|(13,32),(17,32)|(21,32),(22,32)|(24,32),(25,32)|(26,32),(32,32)|(34,32),(35,32)|(36,32),(44,32)|(13,33),(24,33)|(25,33),(34,33)|(4,35),(12,35)|(16,35),(21,35)|(26,35),(44,35)|(21,36),(22,36)|(24,36),(26,36)|(22,38),(24,38)|(12,46),(16,46)|(22,46),(28,46)|(4,47),(12,47)|(13,47),(14,47)|(16,47),(22,47)|(23,47),(24,47)|(28,47),(32,47)|(33,47),(35,47)|(36,47),(44,47)|(6,48),(7,48)|(13,48),(14,48)|(23,48),(24,48)|(33,48),(35,48)|(6,49),(7,49)|(4,50),(21,50)|(26,50),(32,50)|(36,50),(44,50)|(21,51),(22,51)|(24,52),(26,52)|(22,54),(24,54)|(33,60),(35,60)|(11,61),(18,61)|(22,61),(26,61)|(31,61),(33,61)|(35,61),(36,61)|(4,62),(11,62)|(13,62),(14,62)|(18,62),(22,62)|(24,62),(25,62)|(26,62),(31,62)|(36,62),(44,62)|(6,63),(7,63)|(13,63),(14,63)|(24,63),(25,63)|(6,64),(7,64)|(4,65),(5,65)|(40,65),(44,65)|(5,67),(16,67)|(17,67),(22,67)|(16,69),(17,69)|(26,69),(40,69)|(22,78),(26,78)|
None|
None|
(12.5,33),(12.5,37)|(12.5,40),(12.5,46)|(13.5,9),(13.5,16)|(15.5,33),(15.5,38)|(15.5,41),(15.5,46)|(22.5,9),(22.5,15)|(32.5,15),(32.5,31)|(32.5,48),(32.5,61)|(35.5,15),(35.5,26)|(35.5,29),(35.5,31)|(35.5,48),(35.5,61)|(40.5,12),(40.5,16)|
(11,12.5),(26,12.5)|(32,17.5),(36,17.5)|(32,20.5),(36,20.5)|(32,23.5),(36,23.5)|(32,26.5),(33,26.5)|(32,29.5),(36,29.5)|(12,35.5),(16,35.5)|(12,41.5),(16,41.5)|(12,44.5),(16,44.5)|(32,50.5),(36,50.5)|(32,53.5),(36,53.5)|(32,56.5),(36,56.5)|(32,59.5),(36,59.5)|
end file : CC_B01