Piece : LF_E02
254x35
794x214
#######.............##############........##############................##############...................##############.############################....##############........................................................................................
######.....##........############....##....############.......##.........############............##.......############.############################..##..############.........................................................................................
######.....##........############....##....############.......##.........############............##.......############.############################..##..############.........................................................................................
######.....##........############....##....############.......##.........############............##.......############.############################..##..############.........................................................................................
#######.............##############........##############................##############...................##############.############################....##############........................................................................................
#######.............##############........##############................##############...................##############.############################....##############........................................................................................
####...................########..............########......................########.........................########.......########......########..........########...........................................................................................
#####.................##########............##########....................##########.......................##########.....##########....##########........##########..........................................................................................
.......................########............................................########...........................#..#.........########......########............................................................................................/########/.......
.......................########............................................########...........................#..#...........#..#.........................................................................................................../##########/......
####...................########..............########......................########...........................#..#...........#..#..........................########........................................................................##############.....
.......................########..............########......................########...........................#..#.........########......###..###..........########.......|................................................................##############.....
.......................########............................................########.........................########.......................#..#...........................|.................................................................############......
####.......................................................................########...........................#..#.........................#..#.........................--+--...............................................................############......
####.........................................########.........................................................#..#........................................................|.................................................................############......
.#...........................................########.......................................................########......................................................|................................................................##############.....
.#...........................................########.........................................................#..#.........###..###......########..........########.......|................................................................##############.....
.#...........................................########........................................................................#..#........########..........########.......|..............................|.................................##############.....
.#...........................................................................................................................#..#..........................########.......|..............................|..................................############......
.#...........................................................................................................................#..#..........................########.......|..............................|..................................############......
.#........................................................................................................................................................................|..............................|..................................############......
####.................................#....................................................................................................................................|..............................|.................................##############.....
####........#......................./#/.....................................................................########.....................########.........................###............................|.................................##############.....
####......./#/......................###.....................................................................########.......########......########.....................?########..........................|..................................##############....
####.......###......................###.............................................................###.....########.......########......########...................#############........................|...............................####################.
....###################........##############........######################........####################.....########.......########......########..................?##########################.........#################........##############################
....####=########.#####........##########=###........#################=####........####################....................########...............................#################=#=#########........#################........##############################
....#############.#####........##############........######################........####################..........................................................##############################........#################........##############################
....#############.#####........###############.......#######################.......####################..........................................................##############################........#################........##############################
....#############.#####........###############......########################.......####################.........................................................?###############################.......#################........##############################
##..#############.#######.....#################.....#########################.....######################.......................................................?################################......##################........##############################
###.#############.#######..#.##################.##.##########################....#######################....###..........##.....................###...........###################################....###################........##############################
#################.################################################################################################....########...............####=#####....###################################################################################################
##############=...........##....................##............................##..........................#############=#####################################=####################=...............##.......................##=################################
##############################################################################################################################################################################################################################################################
(0,8),(0,10)|(0,11),(0,13)|(0,15),(0,21)|(0,25),(0,30)|(1,15),(1,21)|(2,15),(2,21)|(2,30),(2,31)|(3,31),(3,32)|(4,6),(4,7)|(4,10),(4,11)|(4,13),(4,15)|(4,21),(4,32)|(5,7),(5,8)|(6,1),(6,4)|(7,0),(7,1)|(7,4),(7,6)|(8,26),(8,27)|(9,26),(9,27)|(11,1),(11,4)|(11,24),(11,25)|(12,22),(12,23)|(13,1),(13,4)|(13,22),(13,23)|(14,24),(14,25)|(14,33),(14,34)|(17,26),(17,33)|(18,26),(18,33)|(20,0),(20,1)|(20,4),(20,6)|(21,1),(21,4)|(22,7),(22,8)|(23,6),(23,7)|(23,8),(23,13)|(23,25),(23,30)|(25,30),(25,32)|(26,33),(26,34)|(27,31),(27,32)|(28,31),(28,32)|(28,33),(28,34)|(29,31),(29,32)|(30,30),(30,31)|(31,6),(31,7)|(31,8),(31,13)|(31,25),(31,30)|(32,7),(32,8)|(33,1),(33,4)|(34,0),(34,1)|(34,4),(34,6)|(36,23),(36,25)|(37,1),(37,4)|(37,21),(37,22)|(38,21),(38,22)|(39,1),(39,4)|(39,23),(39,25)|(41,26),(41,27)|(42,0),(42,1)|(42,4),(42,6)|(42,26),(42,27)|(43,1),(43,4)|(44,7),(44,8)|(45,6),(45,7)|(45,10),(45,12)|(45,14),(45,18)|(45,25),(45,28)|(46,28),(46,30)|(47,30),(47,32)|(48,31),(48,32)|(48,33),(48,34)|(50,31),(50,32)|(50,33),(50,34)|(51,31),(51,32)|(52,29),(52,31)|(53,6),(53,7)|(53,10),(53,12)|(53,14),(53,18)|(53,25),(53,29)|(54,7),(54,8)|(55,1),(55,4)|(56,0),(56,1)|(56,4),(56,6)|(62,1),(62,4)|(64,1),(64,4)|(70,26),(70,27)|(71,26),(71,27)|(72,0),(72,1)|(72,4),(72,6)|(73,1),(73,4)|(74,7),(74,8)|(75,6),(75,7)|(75,8),(75,14)|(75,25),(75,28)|(76,28),(76,30)|(77,30),(77,32)|(78,33),(78,34)|(80,33),(80,34)|(81,31),(81,32)|(82,30),(82,31)|(83,6),(83,7)|(83,8),(83,14)|(83,25),(83,30)|(84,7),(84,8)|(85,1),(85,4)|(86,0),(86,1)|(86,4),(86,6)|(97,1),(97,4)|(99,1),(99,4)|(100,24),(100,25)|(103,24),(103,30)|(104,30),(104,32)|(105,0),(105,1)|(105,4),(105,6)|(106,1),(106,4)|(106,33),(106,34)|(107,7),(107,8)|(108,6),(108,7)|(108,12),(108,13)|(108,15),(108,16)|(108,22),(108,26)|(108,31),(108,32)|(110,8),(110,12)|(110,13),(110,15)|(110,16),(110,17)|(111,8),(111,12)|(111,13),(111,15)|(111,16),(111,17)|(111,31),(111,32)|(113,8),(113,12)|(113,13),(113,15)|(113,16),(113,17)|(114,8),(114,12)|(114,13),(114,15)|(114,16),(114,17)|(114,32),(114,33)|(116,6),(116,7)|(116,12),(116,13)|(116,15),(116,16)|(116,22),(116,26)|(117,7),(117,8)|(118,1),(118,4)|(118,32),(118,33)|(119,0),(119,6)|(119,33),(119,34)|(120,0),(120,1)|(120,4),(120,6)|(120,33),(120,34)|(121,31),(121,32)|(122,7),(122,8)|(123,6),(123,7)|(123,8),(123,9)|(123,11),(123,12)|(123,16),(123,17)|(123,23),(123,27)|(123,31),(123,32)|(125,9),(125,11)|(125,17),(125,20)|(126,9),(126,11)|(126,16),(126,20)|(126,32),(126,33)|(128,9),(128,11)|(128,16),(128,20)|(129,9),(129,11)|(129,17),(129,20)|(131,6),(131,7)|(131,8),(131,9)|(131,11),(131,12)|(131,16),(131,17)|(131,23),(131,27)|(132,7),(132,8)|(136,7),(136,8)|(137,6),(137,7)|(137,8),(137,9)|(137,11),(137,12)|(137,16),(137,18)|(137,22),(137,26)|(139,12),(139,14)|(140,11),(140,14)|(141,32),(141,33)|(142,11),(142,14)|(143,12),(143,14)|(144,31),(144,32)|(145,6),(145,7)|(145,8),(145,9)|(145,11),(145,12)|(145,16),(145,18)|(145,22),(145,26)|(145,32),(145,33)|(146,7),(146,8)|(146,32),(146,33)|(147,1),(147,4)|(147,31),(147,32)|(148,0),(148,1)|(148,4),(148,6)|(149,1),(149,4)|(151,1),(151,4)|(151,32),(151,33)|(152,0),(152,1)|(152,4),(152,6)|(153,1),(153,4)|(154,7),(154,8)|(155,6),(155,7)|(155,10),(155,12)|(155,16),(155,20)|(155,32),(155,33)|(157,33),(157,34)|(158,31),(158,32)|(158,33),(158,34)|(162,26),(162,27)|(163,6),(163,7)|(163,10),(163,12)|(163,16),(163,20)|(164,7),(164,8)|(165,1),(165,4)|(166,0),(166,1)|(166,4),(166,6)|(170,22),(170,23)|(173,22),(173,23)|(175,23),(175,24)|(177,24),(177,25)|(178,33),(178,34)|(179,26),(179,27)|(180,26),(180,27)|(181,26),(181,27)|(182,26),(182,27)|(190,25),(190,26)|(191,26),(191,29)|(192,29),(192,31)|(193,31),(193,32)|(194,33),(194,34)|(196,33),(196,34)|(197,31),(197,32)|(198,30),(198,31)|(199,25),(199,30)|(216,25),(216,32)|(219,33),(219,34)|(221,33),(221,34)|(222,33),(222,34)|(224,25),(224,32)|(233,24),(233,25)|(235,10),(235,12)|(235,15),(235,18)|(235,21),(235,23)|(236,12),(236,15)|(236,18),(236,21)|(236,23),(236,24)|(248,12),(248,15)|(248,18),(248,21)|(249,10),(249,12)|(249,15),(249,18)|(249,21),(249,23)|(250,23),(250,24)|(253,24),(253,25)|
(7,0),(20,0)|(34,0),(42,0)|(56,0),(72,0)|(86,0),(105,0)|(119,0),(120,0)|(148,0),(152,0)|(6,1),(7,1)|(11,1),(13,1)|(20,1),(21,1)|(33,1),(34,1)|(37,1),(39,1)|(42,1),(43,1)|(55,1),(56,1)|(62,1),(64,1)|(72,1),(73,1)|(85,1),(86,1)|(97,1),(99,1)|(105,1),(106,1)|(118,1),(120,1)|(147,1),(148,1)|(149,1),(151,1)|(152,1),(153,1)|(165,1),(166,1)|(6,4),(7,4)|(11,4),(13,4)|(20,4),(21,4)|(33,4),(34,4)|(37,4),(39,4)|(42,4),(43,4)|(55,4),(56,4)|(62,4),(64,4)|(72,4),(73,4)|(85,4),(86,4)|(97,4),(99,4)|(105,4),(106,4)|(118,4),(120,4)|(147,4),(148,4)|(149,4),(151,4)|(152,4),(153,4)|(165,4),(166,4)|(4,6),(7,6)|(20,6),(23,6)|(31,6),(34,6)|(42,6),(45,6)|(53,6),(56,6)|(72,6),(75,6)|(83,6),(86,6)|(105,6),(108,6)|(116,6),(119,6)|(120,6),(123,6)|(131,6),(137,6)|(145,6),(148,6)|(152,6),(155,6)|(163,6),(166,6)|(4,7),(5,7)|(22,7),(23,7)|(31,7),(32,7)|(44,7),(45,7)|(53,7),(54,7)|(74,7),(75,7)|(83,7),(84,7)|(107,7),(108,7)|(116,7),(117,7)|(122,7),(123,7)|(131,7),(132,7)|(136,7),(137,7)|(145,7),(146,7)|(154,7),(155,7)|(163,7),(164,7)|(0,8),(5,8)|(22,8),(23,8)|(31,8),(32,8)|(44,8),(54,8)|(74,8),(75,8)|(83,8),(84,8)|(107,8),(110,8)|(111,8),(113,8)|(114,8),(117,8)|(122,8),(123,8)|(131,8),(132,8)|(136,8),(137,8)|(145,8),(146,8)|(154,8),(164,8)|(238,8),(246,8)|(123,9),(125,9)|(126,9),(128,9)|(129,9),(131,9)|(137,9),(145,9)|(0,10),(4,10)|(45,10),(53,10)|(155,10),(163,10)|(235,10),(236,10)|(248,10),(249,10)|(0,11),(4,11)|(123,11),(125,11)|(126,11),(128,11)|(129,11),(131,11)|(137,11),(140,11)|(142,11),(145,11)|(45,12),(53,12)|(108,12),(110,12)|(111,12),(113,12)|(114,12),(116,12)|(123,12),(131,12)|(137,12),(139,12)|(143,12),(145,12)|(155,12),(163,12)|(235,12),(236,12)|(248,12),(249,12)|(0,13),(4,13)|(23,13),(31,13)|(108,13),(110,13)|(111,13),(113,13)|(114,13),(116,13)|(45,14),(53,14)|(75,14),(83,14)|(139,14),(140,14)|(142,14),(143,14)|(0,15),(1,15)|(2,15),(4,15)|(108,15),(110,15)|(111,15),(113,15)|(114,15),(116,15)|(235,15),(236,15)|(248,15),(249,15)|(108,16),(110,16)|(111,16),(113,16)|(114,16),(116,16)|(123,16),(126,16)|(128,16),(131,16)|(137,16),(145,16)|(155,16),(163,16)|(110,17),(111,17)|(113,17),(114,17)|(123,17),(125,17)|(129,17),(131,17)|(45,18),(53,18)|(137,18),(145,18)|(235,18),(236,18)|(248,18),(249,18)|(125,20),(126,20)|(128,20),(129,20)|(155,20),(163,20)|(0,21),(1,21)|(2,21),(4,21)|(37,21),(38,21)|(235,21),(236,21)|(248,21),(249,21)|(12,22),(13,22)|(108,22),(116,22)|(137,22),(145,22)|(170,22),(173,22)|(123,23),(131,23)|(170,23),(173,23)|(175,23),(235,23)|(236,23),(249,23)|(100,24),(103,24)|(164,24),(175,24)|(177,24),(233,24)|(236,24),(250,24)|(0,25),(11,25)|(14,25),(23,25)|(31,25),(36,25)|(39,25),(45,25)|(53,25),(75,25)|(83,25),(100,25)|(177,25),(190,25)|(199,25),(216,25)|(224,25),(233,25)|(253,25),(254,25)|(8,26),(9,26)|(17,26),(18,26)|(41,26),(42,26)|(70,26),(71,26)|(108,26),(116,26)|(137,26),(145,26)|(162,26),(179,26)|(180,26),(181,26)|(182,26),(190,26)|(8,27),(9,27)|(41,27),(42,27)|(70,27),(71,27)|(123,27),(131,27)|(161,27),(162,27)|(179,27),(180,27)|(181,27),(182,27)|(45,28),(46,28)|(75,28),(76,28)|(52,29),(53,29)|(191,29),(192,29)|(0,30),(2,30)|(23,30),(25,30)|(30,30),(31,30)|(46,30),(47,30)|(76,30),(77,30)|(82,30),(83,30)|(103,30),(104,30)|(198,30),(199,30)|(2,31),(3,31)|(27,31),(28,31)|(29,31),(30,31)|(48,31),(50,31)|(51,31),(52,31)|(81,31),(82,31)|(108,31),(111,31)|(121,31),(123,31)|(144,31),(147,31)|(158,31),(192,31)|(193,31),(197,31)|(3,32),(4,32)|(25,32),(27,32)|(28,32),(29,32)|(47,32),(48,32)|(50,32),(51,32)|(77,32),(81,32)|(104,32),(108,32)|(111,32),(114,32)|(118,32),(121,32)|(123,32),(126,32)|(141,32),(144,32)|(145,32),(146,32)|(147,32),(151,32)|(155,32),(158,32)|(193,32),(197,32)|(216,32),(224,32)|(14,33),(17,33)|(18,33),(26,33)|(28,33),(48,33)|(50,33),(78,33)|(80,33),(106,33)|(114,33),(118,33)|(119,33),(120,33)|(126,33),(141,33)|(145,33),(146,33)|(151,33),(155,33)|(157,33),(158,33)|(178,33),(194,33)|(196,33),(219,33)|(221,33),(222,33)|(14,34),(26,34)|(28,34),(48,34)|(50,34),(78,34)|(80,34),(106,34)|(119,34),(120,34)|(157,34),(158,34)|(178,34),(194,34)|(196,34),(219,34)|(221,34),(222,34)|
(13,23),(14,24)|(38,22),(39,23)|(246,8),(248,10)|
(11,24),(12,23)|(36,23),(37,22)|(236,10),(238,8)|
(170.5,11),(170.5,22)|(201.5,17),(201.5,25)|
(168,13.5),(173,13.5)|
end file : LF_E02