WSUR_A02: 426,45,54,35
WSUR_A06: 260,47,54,35
WSUR_A17: 537,353,54,37
WSUR_A20: 107,364,54,35
WSUR_A33: 163,377,48,37
WSUR_A34: 163,364,48,35
WSUR_A35: 57,344,54,35
WSUR_A36: 204,45,54,35
WSUR_A37: 318,359,54,35
WSUR_A38: 317,47,54,35
WSUR_A39: 318,49,54,37
WSUR_A40: 585,51,50,36
WSUR_A53: 373,47,50,38
WSUR_A63: 373,356,50,36
WSUR_B04: 212,362,106,35
WSUR_B07: 479,42,104,33
WSUR_B08: 98,42,104,35
WSUR_B09: 42,41,52,78
WSUR_B12: 424,353,110,35
WSUR_B13: 162,414,48,78
WSUR_S04: 318,383,48,35
WSUR_S06: 10,10,48,35
