WTDB_A01: 2338,992,48,35
WTDB_A02: 2328,1034,48,35
WTDB_S01: 2356,1629,48,35
WTDB_A03: 2279,1060,48,35
WTDB_A04: 2175,938,100,77
WTDB_A05: 2148,1461,48,35
WTDB_A06: 2013,931,100,35
WTDB_A07: 1890,931,100,35
WTDB_A09: 2001,1439,48,35
WTDB_A10: 1818,319,152,35
WTDB_A11: 1728,941,152,35
WTDB_A08: 1762,1450,48,77
WTDB_A12: 1674,1429,48,77
WTDB_A13: 1516,1449,150,35
WTDB_A14: 1455,925,48,35
WTDB_A15: 1380,814,56,152
WTDB_A16: 1326,805,48,35
WTDB_A17: 1273,1369,48,152
WTDB_A18: 1343,1487,99,35
WTDB_A19: 1216,1356,48,35
WTDB_A20: 1155,777,52,35
WTDB_S02: 1158,1312,48,35
WTDB_A21: 1101,761,48,35
WTDB_A22: 941,636,154,152
WTDB_A23: 1084,1301,48,35
WTDB_A27: 1116,1161,48,35
WTDB_A28: 1005,1126,48,35
WTDB_A29: 847,1145,99,36
WTDB_A31: 644,11,150,35
WTDB_A36: 591,40,48,35
WTDB_A40: 527,42,48,112
WTDB_A24: 766,634,150,76
WTDB_A37: 733,1278,48,35
WTDB_A38: 633,1278,99,35
WTDB_S04: 757,145,48,35
WTDB_A39: 586,1280,48,35
WTDB_A32: 656,1169,48,35
WTDB_A25: 304,633,301,77
WTDB_A35: 462,61,48,35
WTDB_A30: 542,1155,48,35
WTDB_A33: 161,1134,150,37
WTDB_A34: 236,630,52,75
WTDB_S03: 289,70,48,35
WTDB_A26: 10,636,150,75
