Piece : HI_A06
54x35
257x-81
##########.................................###########
#####............................................#####
#####............................................#####
#####.............................................=###
#####............................................#####
#####.............................................=###
#####............................................#####
#####.............................................=###
#####............................................#####
########...................................##HH#######
########...................................##..#######
#####......................................##..#######
###=.......................................##--#######
#####......................................##..#######
###=........................................|..|.#####
#####................../#/..................+--+.#####
########...............###..................|..|.#####
########....../#/....../#/..../#/...........|..|.#####
########......###.......|.....###...........+--+.#####
########....../#/.......|...../#/...........|..|.#####
########.......|........|......|............|....#####
########.......|........|......|..../#/..........#####
########.......|........|......|....###..........#####
########.......|........|......|..../#/..........#####
########.......|........|......|.....|...........#####
########.......|.......###.....|.....|............=###
########.......|.....############....|.........|.#####
######=........|.....############....|......+--+######
########.......|.....############....|......|..#######
######=........|....#############....|....############
########.....###...################..|....############
######################################################
#################.##################.##=##############
#################....................#################
######################################################
(3,12),(3,13)|(3,14),(3,15)|(5,1),(5,9)|(5,11),(5,12)|(5,13),(5,14)|(5,15),(5,16)|(6,27),(6,28)|(6,29),(6,30)|(8,9),(8,11)|(8,16),(8,27)|(8,28),(8,29)|(8,30),(8,31)|(10,0),(10,1)|(13,30),(13,31)|(14,18),(14,19)|(16,30),(16,31)|(17,18),(17,19)|(17,32),(17,34)|(18,32),(18,33)|(19,30),(19,31)|(20,29),(20,30)|(21,26),(21,29)|(23,16),(23,17)|(23,25),(23,26)|(26,16),(26,17)|(26,25),(26,26)|(30,18),(30,19)|(33,18),(33,19)|(33,26),(33,30)|(35,30),(35,31)|(36,22),(36,23)|(36,32),(36,33)|(37,32),(37,34)|(39,22),(39,23)|(39,32),(39,33)|(40,32),(40,33)|(42,29),(42,31)|(43,0),(43,1)|(43,9),(43,14)|(45,9),(45,14)|(47,9),(47,14)|(47,28),(47,29)|(48,27),(48,28)|(49,1),(49,3)|(49,4),(49,5)|(49,6),(49,7)|(49,8),(49,9)|(49,14),(49,25)|(49,26),(49,27)|(51,3),(51,4)|(51,5),(51,6)|(51,7),(51,8)|(51,25),(51,26)|
(10,0),(43,0)|(5,1),(10,1)|(43,1),(49,1)|(49,3),(51,3)|(49,4),(51,4)|(49,5),(51,5)|(49,6),(51,6)|(49,7),(51,7)|(49,8),(51,8)|(5,9),(8,9)|(43,9),(45,9)|(47,9),(49,9)|(5,11),(8,11)|(3,12),(5,12)|(3,13),(5,13)|(3,14),(5,14)|(43,14),(45,14)|(47,14),(49,14)|(3,15),(5,15)|(24,15),(25,15)|(5,16),(8,16)|(15,17),(16,17)|(31,17),(32,17)|(24,18),(25,18)|(15,20),(16,20)|(31,20),(32,20)|(37,21),(38,21)|(37,24),(38,24)|(23,25),(26,25)|(49,25),(51,25)|(21,26),(23,26)|(26,26),(33,26)|(49,26),(51,26)|(6,27),(8,27)|(48,27),(49,27)|(6,28),(8,28)|(47,28),(48,28)|(6,29),(8,29)|(20,29),(21,29)|(42,29),(47,29)|(6,30),(8,30)|(13,30),(16,30)|(19,30),(20,30)|(33,30),(35,30)|(8,31),(13,31)|(16,31),(19,31)|(35,31),(42,31)|(17,32),(18,32)|(36,32),(37,32)|(39,32),(40,32)|(18,33),(36,33)|(39,33),(40,33)|(17,34),(37,34)|
(14,19),(15,20)|(16,17),(17,18)|(23,17),(24,18)|(25,15),(26,16)|(30,19),(31,20)|(32,17),(33,18)|(36,23),(37,24)|(38,21),(39,22)|
(14,18),(15,17)|(16,20),(17,19)|(23,16),(24,15)|(25,18),(26,17)|(30,18),(31,17)|(32,20),(33,19)|(36,22),(37,21)|(38,24),(39,23)|
(15.5,20),(15.5,30)|(24.5,18),(24.5,25)|(31.5,20),(31.5,26)|(37.5,24),(37.5,31)|(44.5,14),(44.5,21)|(44.5,27),(44.5,29)|(47.5,14),(47.5,20)|(47.5,26),(47.5,28)|
(45,12.5),(47,12.5)|(44,15.5),(48,15.5)|(44,18.5),(48,18.5)|(44,27.5),(48,27.5)|
end file : HI_A06