Piece : HI_B02
54x78
-416x457
......................................................
......................................................
......................................................
......................................................
......................................................
......................................................
......................................................
...................|..................................
...................|..................................
...................|..................................
...................|..................................
...................|..................................
...................|..................................
...................|..................................
...................|..................................
...................|..................................
...................|..............|...................
...................|..............|...................
...................|..##########..|...................
...................|../########/..|...................
...................#..............|...................
..........|......####.............|........|..........
..........|..#############..######H######..|..........
..........|../###########/../#####+#####/..|..........
..........|........|..............|........|..........
..........#........|..............|........|..........
......../########..|..##########..|..########/........
......./###=.......|..###.........|....####=##/.......
....../##########..|..##########..|..##########/......
......######/......|..............|.....########......
......######.......|..............|......=######......
......######..../#####/...........|.....########......
......#############=###/.........####../########......
......##########################################......
......###################=###=##################......
....../########################################/......
......./######################################/.......
......../####################################/........
.........####################################.........
.........####################################.........
.........####################################.........
.........####################################.........
.........####################################.........
.........####################################.........
.........####################################.........
.........####################################.........
.........####################################.........
.........####################################.........
.........####################################.........
.........####################################.........
.........####################################.........
.........####################################.........
.........####################################.........
.........####################################.........
.....|...####################################.........
.....|...####################################.........
.....|...####################################.........
.....|...#########################....................
.....|....=#####################=.....................
.....|...#########################....................
.....|....=#####################=..............##.....
....####.#########################....####.....##.....
...################################################...
...################################################...
...################################################...
...################################################...
...################################################...
...################################################...
.....##..####################################..##.....
.....##..####################################..##.....
.........####################################.........
.........####################################.........
.........####################################.........
.........####################################.........
.........####################################.........
.........####################################.........
.........####################################.........
.........####################################.........
(3,62),(3,68)|(4,61),(4,62)|(5,68),(5,70)|(6,29),(6,35)|(7,68),(7,70)|(8,61),(8,62)|(9,38),(9,58)|(9,59),(9,60)|(9,61),(9,62)|(9,68),(9,78)|(10,25),(10,26)|(11,25),(11,26)|(11,27),(11,28)|(11,58),(11,59)|(11,60),(11,61)|(12,30),(12,32)|(13,22),(13,23)|(17,21),(17,22)|(17,26),(17,27)|(17,28),(17,29)|(19,20),(19,21)|(19,32),(19,33)|(20,20),(20,21)|(20,32),(20,33)|(21,21),(21,22)|(22,18),(22,19)|(22,26),(22,29)|(25,27),(25,28)|(25,34),(25,35)|(26,22),(26,23)|(26,34),(26,35)|(28,22),(28,23)|(29,34),(29,35)|(30,34),(30,35)|(32,18),(32,19)|(32,26),(32,27)|(32,28),(32,29)|(32,58),(32,59)|(32,60),(32,61)|(33,32),(33,33)|(34,22),(34,24)|(34,57),(34,58)|(34,59),(34,60)|(34,61),(34,62)|(35,22),(35,24)|(37,26),(37,27)|(37,28),(37,29)|(37,32),(37,33)|(38,61),(38,62)|(39,27),(39,28)|(40,29),(40,30)|(40,31),(40,32)|(41,22),(41,23)|(42,30),(42,31)|(42,61),(42,62)|(43,27),(43,28)|(44,27),(44,28)|(45,38),(45,57)|(45,68),(45,78)|(47,60),(47,62)|(47,68),(47,70)|(48,29),(48,35)|(49,60),(49,62)|(49,68),(49,70)|(51,62),(51,68)|
(22,18),(32,18)|(19,20),(20,20)|(23,20),(31,20)|(17,21),(19,21)|(20,21),(21,21)|(13,22),(17,22)|(21,22),(26,22)|(28,22),(34,22)|(35,22),(41,22)|(14,24),(25,24)|(29,24),(34,24)|(35,24),(40,24)|(10,25),(11,25)|(9,26),(10,26)|(11,26),(17,26)|(22,26),(32,26)|(37,26),(45,26)|(11,27),(17,27)|(25,27),(32,27)|(37,27),(39,27)|(43,27),(44,27)|(11,28),(17,28)|(25,28),(32,28)|(37,28),(39,28)|(43,28),(44,28)|(13,29),(17,29)|(22,29),(32,29)|(37,29),(40,29)|(40,30),(42,30)|(17,31),(22,31)|(40,31),(42,31)|(12,32),(16,32)|(19,32),(20,32)|(33,32),(37,32)|(19,33),(20,33)|(24,33),(33,33)|(37,33),(39,33)|(25,34),(26,34)|(29,34),(30,34)|(25,35),(26,35)|(29,35),(30,35)|(34,57),(45,57)|(9,58),(11,58)|(32,58),(34,58)|(9,59),(11,59)|(32,59),(34,59)|(9,60),(11,60)|(32,60),(34,60)|(47,60),(49,60)|(4,61),(8,61)|(9,61),(11,61)|(32,61),(34,61)|(38,61),(42,61)|(3,62),(4,62)|(8,62),(9,62)|(34,62),(38,62)|(42,62),(47,62)|(49,62),(51,62)|(3,68),(5,68)|(7,68),(9,68)|(45,68),(47,68)|(49,68),(51,68)|(5,70),(7,70)|(47,70),(49,70)|(9,78),(45,78)|
(6,35),(9,38)|(13,23),(14,24)|(22,19),(23,20)|(22,31),(24,33)|(28,23),(29,24)|(45,26),(48,29)|
(6,29),(9,26)|(12,30),(13,29)|(16,32),(17,31)|(25,24),(26,23)|(31,20),(32,19)|(39,33),(40,32)|(40,24),(41,23)|(45,38),(48,35)|
(5.5,54),(5.5,61)|(10.5,21),(10.5,25)|(19.5,7),(19.5,20)|(19.5,24),(19.5,31)|(34.5,16),(34.5,22)|(34.5,23),(34.5,32)|(43.5,21),(43.5,26)|
(34,23.5),(35,23.5)|
end file : HI_B02