WBLA_A01: 916,485,48,35
WBLA_A02: 1289,94,48,35
WBLA_A03: 1284,137,48,35
WBLA_A04: 1348,833,48,35
WBLA_A05: 1457,435,48,35
WBLA_A06: 1654,896,48,35
WBLA_A07: 1972,473,48,35
WBLA_A08: 1457,863,48,35
WBLA_A09: 110,562,48,35
WBLA_A10: 1392,124,48,40
WBLA_B01: 917,561,48,75
WBLA_B02: 1023,137,100,35
WBLA_B03: 864,523,100,35
WBLA_B04: 968,524,100,35
WBLA_B05: 1261,906,100,35
WBLA_B06: 1400,395,48,75
WBLA_B07: 538,538,100,35
WBLA_B08: 1458,780,48,75
WBLA_B09: 60,522,48,75
WBLA_C01: 919,260,48,115
WBLA_C02: 1015,99,150,35
WBLA_C03: 1128,514,150,35
WBLA_C04: 1656,859,150,35
WBLA_C05: 1820,473,150,35
WBLA_D01: 965,100,48,151
WBLA_D02: 1717,471,100,75
WBLA_D03: 10,439,100,75
WBLA_E01: 1458,473,252,35
WBLA_F01: 969,522,151,75
WBLA_F02: 610,563,303,35
WBLA_F03: 1290,474,151,75
WBLA_F04: 1132,97,151,75
WBLA_H01: 160,562,405,35
WBLA_J01: 1388,857,256,75
WBLA_S01: 905,905,48,35
WBLA_S02: 1324,833,48,35
WBLA_S03: 110,581,48,35
