WRFB_B01: 310,441,48,74
WRFB_D01: 263,592,98,74
WRFB_D02: 417,517,202,35
WRFB_C01: 311,800,48,112
WRFB_A10: 257,461,48,35
WRFB_A11: 364,465,50,36
WRFB_D03: 286,10,98,74
WRFB_B05: 417,553,100,37
WRFB_F03: 263,517,150,74
WRFB_S03: 595,873,48,35
WRFB_C07: 213,555,48,112
WRFB_D04: 59,517,202,35
WRFB_C08: 60,559,152,35
WRFB_S04: 59,916,48,35
WRFB_B06: 421,465,100,35
WRFB_A16: 525,465,48,35
WRFB_C10: 388,38,152,37
WRFB_B08: 181,49,100,35
WRFB_S06: 154,49,48,35
WRFB_C13: 366,247,152,35
WRFB_A19: 524,248,48,35
WRFB_F04: 543,38,308,35
WRFB_D09: 519,553,100,75
WRFB_B11: 623,515,48,75
WRFB_A22: 10,559,48,35
WRFB_B12: 854,36,48,75
WRFB_D10: 366,627,100,75
WRFB_A23: 314,667,48,35
WRFB_B13: 366,856,48,75
