Piece : SH_B04
107x35
717x-14
....###########....#...................###########--......................###############..................
....############.......................############--.....................#################................
....#############......................###############.....................######//#########...............
....##############......................######//#######.....................#####...#########..............
.....######//######......................#####...#######.....................####....########..............
......#####...######......................####....#######.....................###.....########.............
.......####....#######.....................###.....#########...................##......########............
........###.....#######.....................##......#########...................#.......#######............
.........##......#######.....................#.......########............................#######...........
..........#.......#######.............................########.........................../#######..........
...................######............................./########...........................########.........
.................../#######............................#########........................../########........
....................########.........................../########...........................#########.......
#.................../########...........................#########..........................##########......
##...................########...........................##########.........................###########.....
###..................#########......|...................###########........................############....
####.................###########....|...................############.......................#############..#
#####................#############..|...................############.......................##############.#
#####................##############.|...................#############......................###############.
####.................###############|...................##############......................######//#######
#####................################....................######//######......................#####...######
#####.................######//#######.....................#####...######......................####....#####
######.................#####...#######.....................####....######......................###.....####
#######.................####....#######.....................###.....#####.......................##......###
########.................###.....#######.....................##......#####.......................#.......##
#####=###.................##......#######.....................#.......#####...............................#
######..##.................#.......######-.............................######............................./
#######..##.........................######-............................/######.............................
.#######..##......................../######-............................########...........................
./######...##........................######--.........................../########..........................
..#######...##......................./######-............................#########.........................
../#######...##.......................#######-...........................##########........................
...########...##......................#######.-..........................###########.......................
...#########...##.....................########.-.........................############......................
...##########....#....................########..-........................##############....................
(0,13),(0,28)|(1,13),(1,14)|(1,28),(1,29)|(2,14),(2,15)|(2,30),(2,31)|(3,15),(3,16)|(3,32),(3,35)|(4,0),(4,4)|(4,16),(4,17)|(4,19),(4,20)|(5,4),(5,5)|(5,17),(5,19)|(5,20),(5,22)|(5,25),(5,26)|(6,5),(6,6)|(6,22),(6,23)|(6,25),(6,27)|(7,6),(7,7)|(7,23),(7,24)|(7,27),(7,28)|(8,7),(8,8)|(8,24),(8,25)|(8,26),(8,27)|(8,28),(8,30)|(9,8),(9,9)|(9,25),(9,26)|(9,27),(9,28)|(9,30),(9,31)|(10,9),(10,10)|(10,26),(10,27)|(10,28),(10,29)|(10,31),(10,32)|(11,5),(11,10)|(11,27),(11,28)|(11,29),(11,30)|(11,32),(11,33)|(12,28),(12,29)|(12,30),(12,31)|(12,33),(12,34)|(13,29),(13,30)|(13,31),(13,32)|(13,34),(13,35)|(14,5),(14,6)|(14,30),(14,31)|(14,32),(14,33)|(15,0),(15,1)|(15,6),(15,7)|(15,31),(15,32)|(15,33),(15,34)|(16,1),(16,2)|(16,7),(16,8)|(16,32),(16,33)|(17,2),(17,3)|(17,8),(17,9)|(17,33),(17,35)|(18,3),(18,4)|(18,9),(18,10)|(18,34),(18,35)|(19,0),(19,1)|(19,4),(19,5)|(19,10),(19,11)|(20,0),(20,1)|(20,5),(20,6)|(20,12),(20,13)|(21,14),(21,21)|(22,6),(22,7)|(22,21),(22,22)|(23,7),(23,8)|(23,22),(23,23)|(24,8),(24,9)|(24,23),(24,24)|(25,9),(25,11)|(25,24),(25,25)|(26,25),(26,26)|(27,11),(27,12)|(27,26),(27,27)|(28,12),(28,13)|(28,22),(28,27)|(29,13),(29,15)|(30,15),(30,16)|(31,22),(31,23)|(32,16),(32,17)|(32,23),(32,24)|(33,24),(33,25)|(34,17),(34,18)|(34,25),(34,26)|(35,18),(35,19)|(35,26),(35,27)|(36,19),(36,20)|(36,27),(36,28)|(37,20),(37,22)|(37,29),(37,30)|(38,22),(38,23)|(38,31),(38,35)|(39,0),(39,3)|(39,23),(39,24)|(40,3),(40,4)|(40,24),(40,25)|(41,4),(41,5)|(41,25),(41,27)|(42,5),(42,6)|(42,27),(42,28)|(43,6),(43,7)|(43,28),(43,30)|(44,7),(44,8)|(44,30),(44,31)|(45,8),(45,9)|(45,31),(45,33)|(46,4),(46,9)|(46,33),(46,35)|(49,4),(49,5)|(50,0),(50,1)|(50,5),(50,6)|(51,1),(51,2)|(51,6),(51,7)|(52,7),(52,8)|(53,8),(53,9)|(54,2),(54,3)|(54,9),(54,10)|(55,3),(55,4)|(55,11),(55,12)|(56,4),(56,5)|(56,13),(56,20)|(57,5),(57,6)|(57,20),(57,21)|(58,21),(58,22)|(59,22),(59,23)|(60,6),(60,7)|(60,23),(60,24)|(61,7),(61,9)|(61,24),(61,25)|(62,9),(62,10)|(62,25),(62,26)|(63,10),(63,11)|(63,21),(63,26)|(64,11),(64,13)|(65,13),(65,14)|(66,14),(66,15)|(66,21),(66,22)|(67,15),(67,16)|(67,22),(67,23)|(68,16),(68,18)|(68,23),(68,24)|(69,18),(69,19)|(69,24),(69,25)|(70,19),(70,20)|(70,25),(70,26)|(71,20),(71,21)|(71,26),(71,27)|(72,21),(72,22)|(72,28),(72,29)|(73,22),(73,24)|(73,30),(73,35)|(74,0),(74,2)|(74,24),(74,25)|(75,2),(75,3)|(75,25),(75,26)|(76,3),(76,4)|(77,4),(77,5)|(77,26),(77,27)|(78,5),(78,6)|(78,27),(78,28)|(79,6),(79,7)|(80,7),(80,8)|(80,28),(80,29)|(81,3),(81,8)|(81,29),(81,30)|(82,30),(82,31)|(83,31),(83,32)|(84,3),(84,4)|(84,32),(84,33)|(85,4),(85,5)|(85,33),(85,34)|(86,5),(86,6)|(87,6),(87,7)|(87,34),(87,35)|(88,7),(88,8)|(89,0),(89,1)|(89,8),(89,9)|(90,10),(90,11)|(91,1),(91,2)|(91,12),(91,19)|(92,2),(92,3)|(92,19),(92,20)|(93,3),(93,5)|(93,20),(93,21)|(94,5),(94,6)|(94,21),(94,22)|(95,6),(95,8)|(95,22),(95,23)|(96,8),(96,9)|(96,23),(96,24)|(97,9),(97,10)|(97,24),(97,25)|(98,10),(98,11)|(98,20),(98,25)|(99,11),(99,12)|(100,12),(100,13)|(101,13),(101,14)|(101,20),(101,21)|(102,14),(102,15)|(102,21),(102,22)|(103,15),(103,16)|(103,22),(103,23)|(104,16),(104,17)|(104,23),(104,24)|(105,17),(105,18)|(105,24),(105,25)|(106,16),(106,19)|(106,25),(106,26)|(107,16),(107,18)|(107,19),(107,26)|
(4,0),(15,0)|(19,0),(20,0)|(39,0),(50,0)|(74,0),(89,0)|(15,1),(16,1)|(19,1),(20,1)|(50,1),(51,1)|(89,1),(91,1)|(16,2),(17,2)|(51,2),(54,2)|(74,2),(75,2)|(91,2),(92,2)|(17,3),(18,3)|(39,3),(40,3)|(54,3),(55,3)|(75,3),(76,3)|(83,3),(84,3)|(92,3),(93,3)|(4,4),(5,4)|(18,4),(19,4)|(40,4),(41,4)|(48,4),(49,4)|(55,4),(56,4)|(76,4),(77,4)|(84,4),(85,4)|(5,5),(6,5)|(13,5),(14,5)|(19,5),(20,5)|(41,5),(42,5)|(49,5),(50,5)|(56,5),(57,5)|(77,5),(78,5)|(85,5),(86,5)|(93,5),(94,5)|(6,6),(7,6)|(14,6),(15,6)|(20,6),(22,6)|(42,6),(43,6)|(50,6),(51,6)|(57,6),(60,6)|(78,6),(79,6)|(86,6),(87,6)|(94,6),(95,6)|(7,7),(8,7)|(15,7),(16,7)|(22,7),(23,7)|(43,7),(44,7)|(51,7),(52,7)|(60,7),(61,7)|(79,7),(80,7)|(87,7),(88,7)|(8,8),(9,8)|(16,8),(17,8)|(23,8),(24,8)|(44,8),(45,8)|(52,8),(53,8)|(80,8),(81,8)|(88,8),(89,8)|(95,8),(96,8)|(9,9),(10,9)|(17,9),(18,9)|(24,9),(25,9)|(45,9),(46,9)|(53,9),(54,9)|(61,9),(62,9)|(96,9),(97,9)|(10,10),(11,10)|(18,10),(19,10)|(62,10),(63,10)|(97,10),(98,10)|(25,11),(27,11)|(63,11),(64,11)|(98,11),(99,11)|(27,12),(28,12)|(99,12),(100,12)|(0,13),(1,13)|(28,13),(29,13)|(64,13),(65,13)|(100,13),(101,13)|(1,14),(2,14)|(65,14),(66,14)|(101,14),(102,14)|(2,15),(3,15)|(29,15),(30,15)|(66,15),(67,15)|(102,15),(103,15)|(3,16),(4,16)|(30,16),(32,16)|(67,16),(68,16)|(103,16),(104,16)|(106,16),(107,16)|(4,17),(5,17)|(32,17),(34,17)|(104,17),(105,17)|(34,18),(35,18)|(68,18),(69,18)|(105,18),(107,18)|(4,19),(5,19)|(35,19),(36,19)|(69,19),(70,19)|(91,19),(92,19)|(106,19),(107,19)|(4,20),(5,20)|(36,20),(37,20)|(56,20),(57,20)|(70,20),(71,20)|(92,20),(93,20)|(100,20),(101,20)|(21,21),(22,21)|(57,21),(58,21)|(65,21),(66,21)|(71,21),(72,21)|(93,21),(94,21)|(101,21),(102,21)|(5,22),(6,22)|(22,22),(23,22)|(30,22),(31,22)|(37,22),(38,22)|(58,22),(59,22)|(66,22),(67,22)|(72,22),(73,22)|(94,22),(95,22)|(102,22),(103,22)|(6,23),(7,23)|(23,23),(24,23)|(31,23),(32,23)|(38,23),(39,23)|(59,23),(60,23)|(67,23),(68,23)|(95,23),(96,23)|(103,23),(104,23)|(7,24),(8,24)|(24,24),(25,24)|(32,24),(33,24)|(39,24),(40,24)|(60,24),(61,24)|(68,24),(69,24)|(73,24),(74,24)|(96,24),(97,24)|(104,24),(105,24)|(5,25),(6,25)|(8,25),(9,25)|(25,25),(26,25)|(33,25),(34,25)|(40,25),(41,25)|(61,25),(62,25)|(69,25),(70,25)|(74,25),(75,25)|(97,25),(98,25)|(105,25),(106,25)|(5,26),(8,26)|(9,26),(10,26)|(26,26),(27,26)|(34,26),(35,26)|(62,26),(63,26)|(70,26),(71,26)|(75,26),(77,26)|(6,27),(7,27)|(8,27),(9,27)|(10,27),(11,27)|(27,27),(28,27)|(35,27),(36,27)|(41,27),(42,27)|(77,27),(78,27)|(0,28),(1,28)|(7,28),(8,28)|(9,28),(10,28)|(11,28),(12,28)|(42,28),(43,28)|(78,28),(80,28)|(10,29),(11,29)|(12,29),(13,29)|(80,29),(81,29)|(8,30),(9,30)|(11,30),(12,30)|(13,30),(14,30)|(43,30),(44,30)|(81,30),(82,30)|(9,31),(10,31)|(12,31),(13,31)|(14,31),(15,31)|(44,31),(45,31)|(82,31),(83,31)|(10,32),(11,32)|(13,32),(14,32)|(15,32),(16,32)|(83,32),(84,32)|(11,33),(12,33)|(14,33),(15,33)|(16,33),(17,33)|(45,33),(46,33)|(84,33),(85,33)|(12,34),(13,34)|(15,34),(18,34)|(85,34),(87,34)|(3,35),(13,35)|(17,35),(18,35)|(38,35),(46,35)|(73,35),(87,35)|
(1,29),(2,30)|(2,31),(3,32)|(19,11),(20,12)|(19,11),(36,28)|(19,11),(37,29)|(20,13),(21,14)|(20,13),(37,30)|(20,13),(38,31)|(54,10),(55,11)|(54,10),(71,27)|(54,10),(72,28)|(55,12),(56,13)|(55,12),(72,29)|(55,12),(73,30)|(89,9),(90,10)|(90,11),(91,12)|
None|
(36.5,15),(36.5,20)|
(50,0.5),(52,0.5)|(51,1.5),(53,1.5)|(41,26.5),(42,26.5)|(42,27.5),(43,27.5)|(43,28.5),(44,28.5)|(43,29.5),(45,29.5)|(44,30.5),(45,30.5)|(45,31.5),(46,31.5)|(46,32.5),(47,32.5)|(47,33.5),(48,33.5)|(48,34.5),(49,34.5)|
end file : SH_B04