Piece : SH_D01
200x34
-2118x356
##################################...........................................................................................................................................................###########
###################################..........................................................................................................................................................###########
####/........................../####.........................................................................................................................................................###########
#...............................................................................................................................................................................................########
#................................................................................................................................................................................|.......######.########
#................................................................................................................................................................................|.......######.########
#................................................................................................................................................................................|...........##.########
#................................................................................................................................................................|...............|...........##.########
#................................................................................................................................................................|...............|...........##.########
#................................................................................................................................................................|...............|..............########
#................................................................................................................................................................#/............./#..../#################
#................................................................................................................................................................#################.../#####=############
#...............####.............................................................................................................................................#################...###################
#....####......./##/.......####..........................................................................................................................####....#################...###################
#..../##/.......|##|......./##/........................................................................................................................../##/....#/............./#...###################
#....|##|.......|..|.......|##|..........................................................................................................................|##|....|...............|...###################
#....|..|.......|..........|..|......####..........................................................................................................###...|..|....|...............|...###################
###..|..|.......|..........|..|.....##################################################################################.............................####..|..|....|...............|...###################
##############..|....##################################################################################################........##########.........#################/.........../########################
##############..|....####################################################################################################....##############...##########################################################
##############..|....###################################################################################################################################################################################
#....|..|.......|....###...|..|....#####################################################################################################################################################################
.....|..|.......|....###...|..|....#####################################################################################################################################################################
#./#/|..|.......|.|..###../#/.|....#####################################################################################################################################################################
#.###|..|.......|.|.####..###.|.....#############/....../##########/....../##########/....../##########/....../##########/....../##########/....../#####################################################
#..#.|..|.......|#######...#..|....#############/......../########/......../########/......../########/......../########/......../########/......../####################################################
######H#########################################..........########..........########..........########..........########..........########..........####################################################
######.#######..|.|..###########################..........########..........########..........########..........########..........########..........####################################################
######..........|.|..###########################..........########..........########..........########..........########..........########..........####################################################
##############..|.|..###########################..........########..........########..........########..........########..........########..........####################################################
################################################..........########..........########..........########..........########..........########..........####################################################
################=###############################..........########..........########..........########..........########..........########..........####################################################
################################################..........########..........########..........########..........########..........########..........####################################################
################################################..........########..........########..........########..........########..........########..........####################################################
(0,22),(0,23)|(1,3),(1,17)|(1,21),(1,22)|(1,23),(1,26)|(2,24),(2,25)|(3,17),(3,18)|(3,25),(3,26)|(4,25),(4,26)|(5,13),(5,14)|(5,24),(5,25)|(6,15),(6,16)|(6,26),(6,29)|(7,26),(7,28)|(8,15),(8,16)|(9,13),(9,14)|(14,18),(14,21)|(14,27),(14,28)|(14,29),(14,30)|(16,12),(16,13)|(16,31),(16,32)|(17,14),(17,15)|(17,25),(17,26)|(17,31),(17,32)|(19,14),(19,15)|(20,12),(20,13)|(20,24),(20,25)|(21,18),(21,24)|(21,27),(21,30)|(24,21),(24,26)|(26,24),(26,25)|(27,13),(27,14)|(27,25),(27,26)|(28,15),(28,16)|(28,25),(28,26)|(29,24),(29,25)|(30,15),(30,16)|(31,13),(31,14)|(34,0),(34,1)|(35,1),(35,2)|(35,21),(35,24)|(35,25),(35,26)|(36,2),(36,3)|(36,17),(36,18)|(36,24),(36,25)|(37,16),(37,17)|(41,16),(41,17)|(48,26),(48,34)|(58,26),(58,34)|(66,26),(66,34)|(76,26),(76,34)|(84,26),(84,34)|(94,26),(94,34)|(102,26),(102,34)|(112,26),(112,34)|(118,17),(118,18)|(119,18),(119,19)|(120,26),(120,34)|(121,19),(121,20)|(125,19),(125,20)|(127,18),(127,19)|(130,26),(130,34)|(137,18),(137,19)|(138,26),(138,34)|(139,19),(139,20)|(142,19),(142,20)|(146,18),(146,19)|(147,16),(147,18)|(148,26),(148,34)|(150,16),(150,17)|(151,17),(151,18)|(153,13),(153,14)|(154,15),(154,16)|(156,15),(156,16)|(157,13),(157,14)|(161,10),(161,15)|(178,10),(178,15)|(181,12),(181,18)|(185,4),(185,6)|(187,11),(187,12)|(188,11),(188,12)|(189,0),(189,3)|(189,6),(189,9)|(191,4),(191,9)|(192,3),(192,10)|
(34,0),(189,0)|(34,1),(35,1)|(5,2),(31,2)|(35,2),(36,2)|(1,3),(4,3)|(32,3),(36,3)|(189,3),(192,3)|(185,4),(191,4)|(185,6),(189,6)|(189,9),(191,9)|(161,10),(162,10)|(177,10),(178,10)|(183,10),(192,10)|(163,11),(176,11)|(187,11),(188,11)|(16,12),(20,12)|(187,12),(188,12)|(5,13),(9,13)|(27,13),(31,13)|(153,13),(157,13)|(163,14),(176,14)|(17,15),(19,15)|(161,15),(162,15)|(177,15),(178,15)|(6,16),(8,16)|(28,16),(30,16)|(37,16),(41,16)|(147,16),(150,16)|(154,16),(156,16)|(1,17),(3,17)|(36,17),(37,17)|(41,17),(118,17)|(150,17),(151,17)|(3,18),(14,18)|(21,18),(36,18)|(118,18),(119,18)|(127,18),(137,18)|(146,18),(147,18)|(151,18),(163,18)|(176,18),(181,18)|(119,19),(121,19)|(125,19),(127,19)|(137,19),(139,19)|(142,19),(146,19)|(164,19),(175,19)|(121,20),(125,20)|(139,20),(142,20)|(1,21),(14,21)|(24,21),(35,21)|(0,22),(1,22)|(0,23),(1,23)|(3,23),(4,23)|(27,23),(28,23)|(20,24),(21,24)|(35,24),(36,24)|(50,24),(56,24)|(68,24),(74,24)|(86,24),(92,24)|(104,24),(110,24)|(122,24),(128,24)|(140,24),(146,24)|(2,25),(3,25)|(4,25),(5,25)|(17,25),(20,25)|(26,25),(27,25)|(28,25),(29,25)|(35,25),(36,25)|(1,26),(3,26)|(4,26),(6,26)|(7,26),(17,26)|(24,26),(27,26)|(28,26),(35,26)|(14,27),(21,27)|(7,28),(14,28)|(6,29),(14,29)|(14,30),(21,30)|(16,31),(17,31)|(16,32),(17,32)|(48,34),(58,34)|(66,34),(76,34)|(84,34),(94,34)|(102,34),(112,34)|(120,34),(130,34)|(138,34),(148,34)|
(4,23),(5,24)|(5,14),(6,15)|(16,13),(17,14)|(27,14),(28,15)|(28,23),(29,24)|(31,2),(32,3)|(56,24),(58,26)|(74,24),(76,26)|(92,24),(94,26)|(110,24),(112,26)|(128,24),(130,26)|(146,24),(148,26)|(153,14),(154,15)|(162,10),(163,11)|(163,18),(164,19)|(176,14),(177,15)|
(2,24),(3,23)|(4,3),(5,2)|(8,15),(9,14)|(19,14),(20,13)|(26,24),(27,23)|(30,15),(31,14)|(48,26),(50,24)|(66,26),(68,24)|(84,26),(86,24)|(102,26),(104,24)|(120,26),(122,24)|(138,26),(140,24)|(156,15),(157,14)|(162,15),(163,14)|(175,19),(176,18)|(176,11),(177,10)|(181,12),(183,10)|
(5.5,15),(5.5,18)|(5.5,21),(5.5,26)|(8.5,15),(8.5,18)|(8.5,21),(8.5,26)|(16.5,14),(16.5,26)|(16.5,27),(16.5,30)|(18.5,23),(18.5,25)|(18.5,27),(18.5,30)|(19.5,14),(19.5,16)|(27.5,15),(27.5,18)|(27.5,21),(27.5,23)|(30.5,15),(30.5,18)|(30.5,21),(30.5,26)|(153.5,15),(153.5,18)|(156.5,15),(156.5,18)|(161.5,7),(161.5,10)|(161.5,15),(161.5,18)|(177.5,4),(177.5,10)|(177.5,15),(177.5,18)|
None|
end file : SH_D01