WRRA_C01: 1742,345,152,35
WRRA_A01: 1687,338,48,35
WRRA_A02: 1888,386,48,35
WRRA_B01: 1925,334,100,35
WRRA_B02: 2001,719,48,76
WRRA_D01: 1846,707,100,76
WRRA_B03: 1963,54,100,35
WRRA_S02: 1909,68,48,35
WRRA_A03: 2070,70,48,35
WRRA_A04: 1785,745,48,35
WRRA_B04: 1662,746,100,35
WRRA_A05: 1576,730,48,35
WRRA_A06: 1786,66,48,35
WRRA_D02: 1569,72,202,36
WRRA_A07: 1491,126,48,37
WRRA_B05: 1528,344,100,35
WRRA_A08: 1637,340,48,35
WRRA_A09: 2167,48,48,35
WRRA_A10: 2124,69,48,39
WRRA_B06: 2136,411,100,35
WRRA_B07: 2265,46,48,77
WRRA_A20: 2200,107,48,35
WRRA_A11: 2213,17,48,35
WRRA_S01: 2234,704,48,35
WRRA_B08: 2136,346,100,35
WRRA_A12: 1497,706,48,35
WRRA_S03: 1481,420,48,35
WRRA_B09: 1395,700,99,35
WRRA_A13: 1345,699,48,35
WRRA_C02: 1173,50,151,36
WRRA_C03: 952,47,150,35
WRRA_C04: 769,55,150,35
WRRA_D03: 537,56,201,35
WRRA_A21: 451,56,48,35
WRRA_S05: 451,373,48,35
WRRA_C06: 282,56,150,35
WRRA_C05: 1191,699,150,35
WRRA_A14: 1141,705,48,35
WRRA_B10: 1040,711,99,35
WRRA_A15: 961,710,48,35
WRRA_A16: 976,345,48,35
WRRA_D04: 717,714,201,35
WRRA_A17: 666,714,48,35
WRRA_A18: 665,783,48,35
WRRA_S04: 712,436,48,35
WRRA_A19: 747,799,48,41
WRRA_B11: 488,704,99,36
WRRA_D05: 244,704,201,35
WRRA_L01: 115,48,151,150
WRRA_A22: 58,403,48,35
WRRA_A23: 85,716,48,35
WRRA_A24: 133,375,48,35
WRRA_A25: 108,425,48,35
WRRA_S06: 56,437,48,35
WRRA_A26: 101,755,48,35
WRRA_A27: 186,725,48,35
WRRA_A28: 59,783,48,35
WRRA_A29: 10,780,48,35
WRRA_B12: 188,383,48,75
WRRA_A30: 205,773,48,35
WRRA_B13: 159,760,48,75
WRRA_A31: 159,506,48,35
