WSKD_B42: 546,1116,48,35
WSKD_A26: 492,1067,48,77
WSKD_B01: 759,1215,100,77
WSKD_B02: 595,1226,152,35
WSKD_B03: 570,602,48,115
WSKD_B30: 571,123,152,38
WSKD_B04: 712,1129,48,35
WSKD_B05: 742,1073,58,35
WSKD_B06: 704,1010,100,35
WSKD_B07: 574,976,48,77
WSKD_B08: 524,569,48,38
WSKD_B09: 532,722,48,35
WSKD_B10: 517,776,48,115
WSKD_B11: 461,812,48,35
WSKD_S03: 459,852,48,35
WSKD_B12: 425,921,100,35
WSKD_B13: 407,817,48,77
WSKD_B14: 467,620,100,35
WSKD_B15: 425,1100,48,35
WSKD_B16: 351,1098,48,35
WSKD_B17: 424,1139,48,35
WSKD_B18: 354,1140,48,35
WSKD_B19: 296,1143,48,35
WSKD_B39: 297,661,48,35
WSKD_B20: 223,1087,100,35
WSKD_B21: 282,1037,48,35
WSKD_B22: 430,1054,48,35
WSKD_B23: 339,1025,48,35
WSKD_B24: 265,977,152,35
WSKD_S04: 216,978,48,35
WSKD_B25: 380,1177,48,77
WSKD_B26: 432,1234,152,35
WSKD_B27: 490,1198,48,35
WSKD_B28: 209,748,204,35
WSKD_B29: 221,176,48,35
WSKD_B31: 403,533,100,77
WSKD_B32: 317,703,48,35
WSKD_B37: 586,95,48,35
WSKD_B33: 327,104,204,77
WSKD_S05: 378,617,48,35
WSKD_B34: 429,205,52,77
WSKD_B35: 327,303,204,35
WSKD_B36: 274,151,48,115
WSKD_B38: 10,175,204,35
WSKD_B40: 122,546,152,77
WSKD_B41: 416,977,152,35
