WSKB_C01: 478,457,100,35
WSKB_S06: 540,493,48,35
WSKB_C16: 482,847,48,35
WSKB_C03: 437,880,48,35
WSKB_C04: 429,451,48,35
WSKB_C05: 381,469,48,115
WSKB_C06: 278,551,48,35
WSKB_C07: 217,922,48,35
WSKB_C08: 249,510,48,35
WSKB_C09: 252,461,100,35
WSKB_C10: 425,19,48,35
WSKB_C11: 365,11,48,35
WSKB_C12: 308,32,48,35
WSKB_C13: 196,10,100,35
WSKB_C17: 145,409,48,77
WSKB_C15: 10,459,100,36
WSKB_N01: 583,448,156,37
WSKB_N02: 778,443,52,35
WSKB_N03: 890,406,104,75
WSKB_N04: 1018,416,103,37
WSKB_C18: 1167,420,49,35
WSKB_S0N: 1120,439,48,35
WSKB_N07: 439,955,52,40
WSKB_N08: 537,980,99,39
WSKB_N05: 540,862,48,35
WSKB_N06: 601,884,103,36
WSKB_N09: 694,983,48,35
WSKB_N10: 732,882,205,37
WSKB_N11: 951,879,52,38
WSKB_N12: 1024,870,52,36
WSKB_N13: 1090,875,50,37
WSKB_N14: 486,12,52,35
WSKB_N15: 556,16,205,37
WSKB_N16: 832,63,52,76
WSKB_N17: 811,27,50,35
