WARG_B31: 1330,299,48,78
WARG_B32: 1278,1100,48,78
WARG_B35: 577,2005,48,78
WARG_B36: 677,1947,48,78
WARG_B37: 468,1078,100,35
WARG_B38: 317,1080,100,35
WARG_G05: 678,1204,48,35
WARG_G06: 628,1203,48,78
WARG_G07: 628,1127,48,35
WARG_G08: 677,1128,48,35
WARG_G09: 776,1124,48,35
WARG_G10: 804,1152,48,35
WARG_G11: 619,1070,48,35
WARG_G12: 570,1063,48,35
WARG_G13: 418,1938,48,35
WARG_G14: 727,1111,48,35
WARG_G16: 570,1022,48,35
WARG_G17: 619,1010,48,35
WARG_G18: 756,1055,100,35
WARG_G19: 875,1083,152,35
WARG_G20: 1047,1091,48,35
WARG_G21: 1122,1052,152,78
WARG_G22: 1331,1094,100,35
WARG_H20: 987,1959,48,35
WARG_S10: 730,1204,48,35
WARG_S16: 1058,1055,48,35
WARG_G28: 315,1862,48,78
WARG_G29: 212,1861,100,35
WARG_G30: 162,1861,48,35
WARG_G31: 857,1046,48,35
WARG_G32: 520,1017,48,35
WARG_W01: 366,911,100,112
WARG_W02: 469,873,48,74
WARG_W03: 468,1800,48,35
WARG_W04: 251,960,100,35
WARG_W05: 520,1804,48,35
WARG_W06: 201,961,48,35
WARG_W07: 59,998,100,74
WARG_W08: 99,922,100,74
WARG_W09: 56,886,48,35
WARG_W10: 59,924,48,74
WARG_W11: 59,1074,100,35
WARG_W12: 91,1900,48,35
WARG_W13: 284,15,152,35
WARG_W14: 272,51,48,35
WARG_S20: 468,994,48,35
WARG_S21: 10,993,48,35
WARG_S26: 1534,1205,48,35
WARG_S27: 1104,1335,48,35
WARG_A01_Future: 1926,1565,48,35
WARG_A02_Future: 1825,1522,100,78
WARG_A03_Future: 1848,1602,48,35
WARG_A05_Future: 1776,2328,48,78
WARG_A06_Future: 1797,2501,100,78
WARG_A08_Future: 1674,1465,100,35
WARG_B01_Future: 1624,2251,48,112
WARG_O02_Future: 1623,2173,100,74
WARG_O03_Future: 1678,2086,48,74
WARG_O04_Future: 1678,1209,152,35
WARG_O05_Future: 1729,1244,100,35
WARG_O06_Future: 1576,1208,100,74
WARG_O09_Future: 1383,2111,202,35
WARG_O10_Future: 1483,1127,48,112
WARG_O11_Future: 1432,1099,100,35
WARG_O13_Future: 1532,1133,100,74
WARG_O14_Future: 1758,2115,100,35
WARG_I10_Future: 1228,2124,48,35
WARG_I11_Future: 1278,2036,48,78
WARG_I12_Future: 1280,2115,48,35
WARG_I13_Future: 1346,2103,48,35
WARG_D06_Future: 997,426,152,78
WARG_B29_Future: 1123,1263,100,35
