WAUA_A01: 1915,422,48,35
WAUA_A02: 1897,502,48,35
WAUA_A03: 2427,454,48,35
WAUA_B01: 2273,137,100,35
WAUA_C01: 1949,502,150,35
WAUA_C02: 2325,419,150,37
WAUA_D01: 1964,382,201,35
WAUA_D02: 2016,711,102,75
WAUA_E01: 2219,816,252,35
WAUA_E02: 1916,346,252,35
WAUA_E03: 1862,344,51,189
WAUA_F01: 2114,135,151,75
WAUA_I01: 2171,343,151,114
WAUA_S01: 1915,383,48,35
WAUA_A01B: 1327,466,48,35
WAUA_A02B: 1311,175,48,35
WAUA_A03B: 1460,863,48,35
WAUA_A04B: 1408,863,48,35
WAUA_A05B: 1314,893,48,35
WAUA_A06B: 1114,607,48,35
WAUA_A07B: 1561,175,48,35
WAUA_A08B: 1216,819,48,35
WAUA_A09B: 1213,529,48,35
WAUA_A10B: 912,593,48,35
WAUA_B01B: 1714,91,48,75
WAUA_B02B: 1612,132,99,35
WAUA_B04B: 1358,526,48,75
WAUA_B05B: 1408,897,99,35
WAUA_B06B: 1163,609,99,35
WAUA_B07B: 1164,454,99,35
WAUA_C01B: 962,593,150,35
WAUA_C02B: 1216,856,150,35
WAUA_D01B: 1359,175,201,35
WAUA_D02B: 1307,606,201,35
WAUA_E02B: 1265,453,48,189
WAUA_H01B: 1764,95,405,35
WAUA_S01B: 1275,127,48,35
WAUA_S02B: 1575,503,48,35
WAUA_SHOP: 1359,132,252,35
WAUA_PEARL: 1611,175,99,35
WAUA_TOYS: 1115,452,48,115
WAUA_G01B: 571,602,359,35
WAUA_E01B: 313,562,256,75
WAUA_B03B: 212,564,99,35
WAUA_BATH: 10,572,201,35
