WSKA_D01: 838,19,152,35
WSKA_D02: 564,20,256,35
WSKA_D03: 706,245,48,35
WSKA_D04: 664,245,48,35
WSKA_D05: 622,246,48,35
WSKA_S07: 626,471,48,35
WSKA_D06: 445,18,100,37
WSKA_D07: 808,490,48,115
WSKA_D09: 768,548,48,35
WSKA_D08: 771,353,48,35
WSKA_S08: 772,144,48,35
WSKA_D10: 768,633,48,35
WSKA_D11: 630,583,152,35
WSKA_D12: 596,353,48,35
WSKA_D13: 596,633,48,35
WSKA_D14: 596,548,48,35
WSKA_D15: 458,503,152,115
WSKA_D16: 424,548,48,35
WSKA_D17: 422,353,48,35
WSKA_D18: 424,633,48,35
WSKA_D19: 384,490,48,115
WSKA_D20: 214,492,151,35
WSKA_D21: 159,497,48,35
WSKA_D22: 228,22,204,35
WSKA_D25: 158,236,48,35
WSKA_S09: 166,271,48,35
WSKA_D26: 59,237,100,35
WSKA_D27: 10,236,48,35
WSKA_N01: 1016,19,150,35
WSKA_N02: 1215,19,154,35
WSKA_N03: 1385,303,48,35
WSKA_S0N: 1425,359,48,35
WSKA_N04: 1501,328,53,37
