Piece : GW_C03
156x35
1022x177
#######.....................................................................................................................................................
########..............................................................................................................................................|.....
#########.............................................................................................................................................#.....
##########............................................................................................................................................##....
##########...........................................................................................................................................##.....
##########............................................................................................................................................|...##
##########............................................................................................................................................|.####
########=.............................................................................................................................................######
##########...........................................................................................................................................#######
###########.........................................................................................................................................########
###########..........................................................................................................................................=######
############........................................................................................................................................########
#############................................................................................|......................................................########
###############..............................................................................|.......................................................#######
################.............../#####/........./#####/........./#####/......................##.......................................................#######
###################............#######.........#######.........#######......................##........................................................######
######################.........#######.........#######.........#######.......................##.......................................................######
###########################....#######.........#######.........#######.......................|.........................................................=####
########################=#################.....#######.........#######.......................|...............|........................................######
#############################=########################.........#######.......................|...............|............................|...........######
#############################################=########.........#######................######.|..............##.............|..............|...........######
########################################################.......#######...........########=#####.............##.............|..............#...........######
###########################################################....#######......#######################..........##...........##..............#...........######
#########################################################=############################################.......|.............#.............###.........#######
#############################################################=##########=################################....|.............##.............|#........########
###########################################################################################################..|.............|#.............##.......#########
#############################################################################################################|.............|..............#......###########
################################################################################################################...........|..............|....#############
####################################################################################################################.......|..............|...##############
#######################################################################################################################....|..............|#################
###############################################################################################################################.........####################
############################################################################################################################################################
#################################################################################################################################=##=#######################
############################################################################################################################################################
############################################################################################################################################################
(7,0),(7,1)|(8,1),(8,2)|(8,7),(8,8)|(9,2),(9,3)|(10,3),(10,7)|(10,8),(10,9)|(11,9),(11,11)|(12,11),(12,12)|(13,12),(13,13)|(15,13),(15,14)|(16,14),(16,15)|(19,15),(19,16)|(22,16),(22,17)|(24,18),(24,19)|(25,18),(25,19)|(27,17),(27,18)|(29,19),(29,20)|(30,19),(30,20)|(31,15),(31,18)|(38,15),(38,18)|(42,18),(42,19)|(45,20),(45,21)|(46,20),(46,21)|(47,15),(47,19)|(54,15),(54,21)|(56,21),(56,22)|(57,23),(57,24)|(58,23),(58,24)|(59,22),(59,23)|(61,24),(61,25)|(62,24),(62,25)|(63,15),(63,23)|(70,15),(70,23)|(72,24),(72,25)|(73,24),(73,25)|(76,22),(76,23)|(81,21),(81,22)|(86,20),(86,21)|(89,21),(89,22)|(90,21),(90,22)|(92,14),(92,16)|(92,20),(92,21)|(93,16),(93,17)|(94,14),(94,16)|(95,16),(95,17)|(95,21),(95,22)|(99,22),(99,23)|(102,23),(102,24)|(105,24),(105,25)|(107,25),(107,26)|(108,20),(108,22)|(109,22),(109,23)|(109,26),(109,27)|(110,20),(110,22)|(111,22),(111,23)|(112,27),(112,28)|(116,28),(116,29)|(119,29),(119,30)|(122,22),(122,23)|(123,23),(123,25)|(124,22),(124,24)|(124,25),(124,26)|(125,24),(125,26)|(127,30),(127,31)|(129,32),(129,33)|(130,32),(130,33)|(132,32),(132,33)|(133,32),(133,33)|(136,30),(136,31)|(137,23),(137,24)|(138,21),(138,23)|(138,25),(138,27)|(139,21),(139,23)|(139,24),(139,25)|(139,26),(139,27)|(139,29),(139,30)|(140,23),(140,26)|(142,28),(142,29)|(143,27),(143,28)|(145,26),(145,27)|(147,25),(147,26)|(148,9),(148,10)|(148,11),(148,13)|(148,24),(148,25)|(149,4),(149,5)|(149,8),(149,9)|(149,13),(149,15)|(149,23),(149,24)|(150,2),(150,4)|(150,7),(150,8)|(150,10),(150,11)|(150,15),(150,17)|(150,18),(150,23)|(151,2),(151,3)|(151,4),(151,5)|(152,3),(152,4)|(152,6),(152,7)|(152,17),(152,18)|(154,5),(154,6)|
(7,1),(8,1)|(8,2),(9,2)|(150,2),(151,2)|(9,3),(10,3)|(151,3),(152,3)|(149,4),(150,4)|(151,4),(152,4)|(149,5),(151,5)|(154,5),(156,5)|(152,6),(154,6)|(8,7),(10,7)|(150,7),(152,7)|(8,8),(10,8)|(149,8),(150,8)|(10,9),(11,9)|(148,9),(149,9)|(148,10),(150,10)|(11,11),(12,11)|(148,11),(150,11)|(12,12),(13,12)|(13,13),(15,13)|(148,13),(149,13)|(15,14),(16,14)|(32,14),(37,14)|(48,14),(53,14)|(64,14),(69,14)|(92,14),(94,14)|(16,15),(19,15)|(149,15),(150,15)|(19,16),(22,16)|(92,16),(93,16)|(94,16),(95,16)|(22,17),(27,17)|(93,17),(95,17)|(150,17),(152,17)|(24,18),(25,18)|(27,18),(31,18)|(38,18),(42,18)|(150,18),(152,18)|(24,19),(25,19)|(29,19),(30,19)|(42,19),(47,19)|(29,20),(30,20)|(45,20),(46,20)|(86,20),(92,20)|(108,20),(110,20)|(45,21),(46,21)|(54,21),(56,21)|(81,21),(86,21)|(89,21),(90,21)|(92,21),(95,21)|(138,21),(139,21)|(56,22),(59,22)|(76,22),(81,22)|(89,22),(90,22)|(95,22),(99,22)|(108,22),(109,22)|(110,22),(111,22)|(122,22),(124,22)|(57,23),(58,23)|(59,23),(63,23)|(70,23),(76,23)|(99,23),(102,23)|(109,23),(111,23)|(122,23),(123,23)|(137,23),(138,23)|(139,23),(140,23)|(149,23),(150,23)|(57,24),(58,24)|(61,24),(62,24)|(72,24),(73,24)|(102,24),(105,24)|(124,24),(125,24)|(137,24),(139,24)|(148,24),(149,24)|(61,25),(62,25)|(72,25),(73,25)|(105,25),(107,25)|(123,25),(124,25)|(138,25),(139,25)|(147,25),(148,25)|(107,26),(109,26)|(124,26),(125,26)|(139,26),(140,26)|(145,26),(147,26)|(109,27),(112,27)|(138,27),(139,27)|(143,27),(145,27)|(112,28),(116,28)|(142,28),(143,28)|(116,29),(119,29)|(139,29),(142,29)|(119,30),(127,30)|(136,30),(139,30)|(127,31),(136,31)|(129,32),(130,32)|(132,32),(133,32)|(129,33),(130,33)|(132,33),(133,33)|
(37,14),(38,15)|(53,14),(54,15)|(69,14),(70,15)|
(31,15),(32,14)|(47,15),(48,14)|(63,15),(64,14)|
(93.5,12),(93.5,14)|(93.5,17),(93.5,21)|(109.5,18),(109.5,20)|(109.5,23),(109.5,27)|(123.5,20),(123.5,22)|(123.5,25),(123.5,30)|(138.5,19),(138.5,21)|(138.5,24),(138.5,25)|(138.5,27),(138.5,30)|(150.5,1),(150.5,2)|(150.5,5),(150.5,7)|
None|
end file : GW_C03