Piece : HI_C05
162x36
-71x-86
############....................................................................................................................................##################
############....................................................................................................................................##################
############................................................................................................................................................######
####################.........................................................................................................................................=####
####################............................................................................................................................##################
####............................................................................................................................................##################
##=.....................................................................................................................................................##########
####################.................................................................................................................../#/..............##########
####################...................................................................................................................###..............##########
############.........................................................................................................................../#/..............##########
############............................................................................................................................|................=########
############............................................................................................................................|...............##########
##########=............................................................................................................/#/..............|................=########
############.............../#/.........................................................................................###..............|...............##########
###############............###...........................................|............................................./#/..............|.......##################
###############............/#/...........................................|..............................................|...............|.......##################
###############....##.......|......./#/..................................|............................../#/.............|...............|.##....##################
##.................##.......|.......###..................................|..............................###.............|...............#####...........##########
##.###################......|......./#/..................................|............................../#/.............|............##################.##########
##.###################......|........|......./#/.........................|...............................|..............|............##################.##########
##.###################......|........|.......###.........................|...............................|..............|............##################.##########
##.##############...........|........|......./#/........../##/...........|...............................|..............##...................##########.##########
##.##############.##########H###.....|........|........../####/..........|.............|........|........|............######################.##########.##########
##.##############.##############.....|........|..........######..........|.............|........|........|............######=##=############.##########.##########
##.##############.###############....|........|..........######..........|.............|........|........|............######################.##########.##########
##.##############+################...|........|..........######..........|.............|........|........|..........########################+##########.##########
##.#########/....|.../####################....|..........######..........|.............|........|.....################################......|....../###.##########
##.#########.....|....####################....|..........######..........|...........###........|.....###############################.......|.......###.##########
##.#########.....|............................|..........######.......#####################.....|...........................................|.......###.##########
##...............|...........................###.........######.......######.####.#########.....|...........................................|............=########
#################H###############################/......########.../########+####+###########/..|../##############################################################
##############=##=##.################.###################################/..|....|../###########H#######################.###############.#######=#################
####################.################.##############.#.##################...|....|...###########.#######################.###############.#########################
####################.################.##############.#.##################...|....|...###########.#######################.###############.#########################
####################.................................#......................|...###......................................................#########################
##################################################################################################################################################################
(2,6),(2,7)|(2,17),(2,30)|(3,18),(3,29)|(4,5),(4,6)|(10,12),(10,13)|(12,0),(12,3)|(12,9),(12,12)|(12,13),(12,14)|(12,27),(12,29)|(14,31),(14,32)|(15,14),(15,17)|(15,31),(15,32)|(17,21),(17,26)|(17,30),(17,32)|(18,22),(18,26)|(18,30),(18,32)|(19,16),(19,18)|(20,3),(20,5)|(20,7),(20,9)|(20,31),(20,35)|(21,16),(21,18)|(21,31),(21,34)|(22,18),(22,21)|(22,27),(22,28)|(27,14),(27,15)|(28,22),(28,23)|(29,22),(29,23)|(30,14),(30,15)|(32,22),(32,24)|(33,24),(33,25)|(34,25),(34,26)|(36,17),(36,18)|(37,31),(37,34)|(38,31),(38,34)|(39,17),(39,18)|(42,26),(42,28)|(45,20),(45,21)|(45,29),(45,30)|(48,20),(48,21)|(48,29),(48,30)|(52,32),(52,34)|(53,32),(53,35)|(54,32),(54,35)|(55,32),(55,34)|(56,30),(56,31)|(57,23),(57,30)|(63,23),(63,30)|(64,30),(64,31)|(70,28),(70,30)|(73,32),(73,34)|(76,29),(76,31)|(77,29),(77,31)|(80,34),(80,35)|(81,29),(81,31)|(82,29),(82,31)|(83,34),(83,35)|(85,27),(85,28)|(85,32),(85,34)|(88,27),(88,28)|(91,28),(91,30)|(96,31),(96,34)|(97,31),(97,34)|(102,26),(102,28)|(104,17),(104,18)|(107,17),(107,18)|(116,25),(116,26)|(118,22),(118,25)|(119,13),(119,14)|(120,21),(120,22)|(120,31),(120,34)|(121,31),(121,34)|(122,13),(122,14)|(122,21),(122,22)|(124,23),(124,24)|(125,23),(125,24)|(127,23),(127,24)|(128,23),(128,24)|(133,18),(133,21)|(133,27),(133,28)|(134,26),(134,27)|(135,8),(135,9)|(136,17),(136,18)|(136,31),(136,34)|(137,31),(137,35)|(138,8),(138,9)|(138,16),(138,17)|(140,16),(140,17)|(140,22),(140,26)|(141,17),(141,18)|(141,21),(141,26)|(144,0),(144,2)|(144,4),(144,6)|(144,14),(144,17)|(144,31),(144,32)|(145,31),(145,32)|(148,27),(148,29)|(151,18),(151,29)|(152,6),(152,10)|(152,11),(152,12)|(152,13),(152,14)|(152,17),(152,29)|(154,10),(154,11)|(154,12),(154,13)|(154,29),(154,30)|(156,2),(156,3)|(158,3),(158,4)|
(12,0),(144,0)|(144,2),(156,2)|(12,3),(20,3)|(156,3),(158,3)|(144,4),(158,4)|(4,5),(20,5)|(2,6),(4,6)|(144,6),(152,6)|(2,7),(20,7)|(136,7),(137,7)|(12,9),(20,9)|(136,10),(137,10)|(152,10),(154,10)|(152,11),(154,11)|(10,12),(12,12)|(120,12),(121,12)|(152,12),(154,12)|(10,13),(12,13)|(28,13),(29,13)|(152,13),(154,13)|(12,14),(15,14)|(144,14),(152,14)|(120,15),(121,15)|(19,16),(21,16)|(28,16),(29,16)|(37,16),(38,16)|(105,16),(106,16)|(138,16),(140,16)|(2,17),(15,17)|(136,17),(138,17)|(140,17),(141,17)|(144,17),(152,17)|(3,18),(19,18)|(21,18),(22,18)|(133,18),(136,18)|(141,18),(151,18)|(37,19),(38,19)|(46,19),(47,19)|(105,19),(106,19)|(17,21),(22,21)|(59,21),(61,21)|(120,21),(122,21)|(133,21),(141,21)|(18,22),(28,22)|(29,22),(32,22)|(46,22),(47,22)|(118,22),(120,22)|(122,22),(140,22)|(28,23),(29,23)|(124,23),(125,23)|(127,23),(128,23)|(32,24),(33,24)|(124,24),(125,24)|(127,24),(128,24)|(33,25),(34,25)|(116,25),(118,25)|(13,26),(17,26)|(18,26),(21,26)|(34,26),(42,26)|(102,26),(116,26)|(134,26),(140,26)|(141,26),(147,26)|(85,27),(88,27)|(133,27),(134,27)|(22,28),(42,28)|(70,28),(85,28)|(88,28),(91,28)|(102,28),(133,28)|(3,29),(12,29)|(45,29),(48,29)|(76,29),(77,29)|(81,29),(82,29)|(148,29),(151,29)|(152,29),(154,29)|(2,30),(17,30)|(18,30),(45,30)|(48,30),(49,30)|(56,30),(57,30)|(63,30),(64,30)|(68,30),(70,30)|(91,30),(93,30)|(100,30),(154,30)|(14,31),(15,31)|(20,31),(21,31)|(37,31),(38,31)|(50,31),(56,31)|(64,31),(67,31)|(74,31),(76,31)|(77,31),(81,31)|(82,31),(84,31)|(94,31),(96,31)|(97,31),(99,31)|(120,31),(121,31)|(136,31),(137,31)|(144,31),(145,31)|(14,32),(15,32)|(17,32),(18,32)|(52,32),(53,32)|(54,32),(55,32)|(144,32),(145,32)|(21,34),(37,34)|(38,34),(52,34)|(55,34),(73,34)|(80,34),(83,34)|(85,34),(96,34)|(97,34),(120,34)|(121,34),(136,34)|(20,35),(53,35)|(54,35),(80,35)|(83,35),(137,35)|
(21,26),(22,27)|(27,15),(28,16)|(29,13),(30,14)|(36,18),(37,19)|(38,16),(39,17)|(45,21),(46,22)|(47,19),(48,20)|(49,30),(50,31)|(61,21),(63,23)|(84,31),(85,32)|(93,30),(94,31)|(104,18),(105,19)|(106,16),(107,17)|(119,14),(120,15)|(121,12),(122,13)|(135,9),(136,10)|(137,7),(138,8)|(147,26),(148,27)|
(12,27),(13,26)|(27,14),(28,13)|(29,16),(30,15)|(36,17),(37,16)|(38,19),(39,18)|(45,20),(46,19)|(47,22),(48,21)|(57,23),(59,21)|(67,31),(68,30)|(73,32),(74,31)|(99,31),(100,30)|(104,17),(105,16)|(106,19),(107,18)|(119,13),(120,12)|(121,15),(122,14)|(135,8),(136,7)|(137,10),(138,9)|
(17.5,25),(17.5,30)|(28.5,16),(28.5,22)|(37.5,19),(37.5,26)|(46.5,22),(46.5,29)|(73.5,14),(73.5,28)|(76.5,30),(76.5,35)|(81.5,30),(81.5,34)|(87.5,22),(87.5,27)|(96.5,22),(96.5,31)|(105.5,19),(105.5,26)|(120.5,15),(120.5,21)|(136.5,10),(136.5,17)|(140.5,25),(140.5,30)|
(17,25.5),(18,25.5)|(140,25.5),(141,25.5)|(76,30.5),(77,30.5)|(81,30.5),(82,30.5)|
end file : HI_C05