WPGA_E01: 10,863,252,35
WPGA_A05: 274,825,48,35
WPGA_A06: 332,865,48,35
WPGA_C02: 392,825,150,35
WPGA_C03: 547,862,150,35
WPGA_A07: 696,824,48,35
WPGA_S02: 639,48,48,35
WPGA_D02: 748,859,201,35
WPGA_B03: 490,492,48,75
WPGA_A08: 411,524,48,35
WPGA_A09: 350,530,48,35
WPGA_A10: 606,525,48,35
WPGA_B04: 690,138,101,35
WPGA_B11: 775,198,53,75
WPGA_A26: 813,288,54,35
WPGA_A30: 855,347,52,37
WPGA_A27: 818,676,48,35
WPGA_S04: 825,694,48,35
WPGA_B05: 955,867,99,38
WPGA_A20: 1061,512,48,35
WPGA_A21: 1134,119,48,35
WPGA_A01: 1214,857,48,35
WPGA_D01: 1071,419,99,75
WPGA_A11: 970,404,48,35
WPGA_A12: 819,426,48,41
WPGA_C04: 818,472,49,114
WPGA_B06: 765,607,100,35
WPGA_S03: 767,604,48,35
WPGA_smiley: 710,1017,48,35
WPGA_A16: 870,596,48,35
WPGA_A14: 903,165,48,36
WPGA_A17: 1018,166,48,35
WPGA_A18: 1107,168,52,35
WPGA_A19: 1209,171,48,35
WPGA_B07: 1279,185,99,35
WPGA_A22: 923,614,48,37
WPGA_A24: 981,1003,48,35
WPGA_A25: 951,1050,48,35
WPGA_B10: 813,1057,104,37
WPGA_C05: 1045,994,150,38
WPGA_B09: 1201,992,102,39
WPGA_A23: 1298,965,48,35
WPGA_A02: 1188,417,48,35
WPGA_A03: 1304,912,48,35
WPGA_B01: 1385,895,99,35
WPGA_A04: 1472,942,48,35
WPGA_S01: 1541,947,48,35
WPGA_B02: 1432,604,99,35
WPGA_B08: 1479,652,56,79
WPGA_A13: 1381,617,48,36
WPGA_C01: 1219,615,150,37
WPGA_A28: 1155,642,48,35
WPGA_A29: 1074,695,48,35
WPGA_B12: 1075,287,52,78
WPGA_C06: 891,291,150,35
