WTDA_A13: 1519,868,48,35
WTDA_A14: 1515,905,50,115
WTDA_B01: 1516,312,48,35
WTDA_S02: 1517,647,48,35
WTDA_B02: 1555,239,48,77
WTDA_B03: 1509,618,48,35
WTDA_B04: 1589,191,100,35
WTDA_B05: 1517,549,48,35
WTDA_B06: 1463,551,48,35
WTDA_B07: 1441,614,48,35
WTDA_B08: 1077,258,360,35
WTDA_B09: 957,594,99,35
WTDA_B10: 888,778,48,188
WTDA_S03: 940,781,48,35
WTDA_B11: 838,785,48,35
WTDA_B12: 941,883,99,75
WTDA_B13: 1046,933,99,35
WTDA_B14: 838,580,48,35
WTDA_B15: 633,224,200,35
WTDA_B16: 476,184,151,115
WTDA_B17: 475,142,48,35
WTDA_Z01: 682,785,152,35
WTDA_Z02: 631,774,48,35
WTDA_Z03: 581,767,48,77
WTDA_Z04: 477,800,100,35
WTDA_Z05: 522,387,54,77
WTDA_Z06: 425,801,48,35
WTDA_Z07: 268,801,152,35
WTDA_Z08: 420,49,100,35
WTDA_Z09: 219,95,252,74
WTDA_Z10: 169,100,48,35
WTDA_Z12: 370,47,48,35
WTDA_S04: 368,10,48,35
WTDA_Z11: 319,48,48,35
WTDA_Z15: 268,33,48,35
WTDA_Z16: 264,436,252,35
WTDA_Z13: 161,386,99,75
WTDA_Z14: 10,97,150,35
