whir_GATE: 10,426,48,35
whir_B04: 63,419,54,78
whir_S03: 55,387,48,35
whir_B12: 69,506,48,78
whir_B13: 88,586,66,78
whir_A15: 120,547,48,35
whir_A20: 158,547,48,35
whir_S01: 161,575,48,35
whir_A14: 119,497,48,35
whir_A07: 117,460,54,35
whir_C02: 172,414,54,121
whir_B02: 225,252,54,78
whir_A22: 224,995,48,35
whir_C14: 242,866,49,121
whir_C01: 224,536,54,121
whir_B03: 284,580,110,35
whir_B08: 227,500,100,35
whir_C04: 337,411,54,121
whir_A25: 281,421,54,35
whir_A21: 379,425,48,35
whir_S02: 377,406,48,35
whir_B06: 393,499,100,37
whir_A10: 452,579,48,35
whir_S05: 485,574,48,35
whir_C11: 483,598,54,120
whir_B09: 528,549,54,78
whir_B07: 582,553,106,35
whir_B14: 626,458,54,78
whir_C03: 558,413,54,121
whir_A11: 502,498,48,35
whir_B15: 435,740,104,35
whir_A04: 383,776,54,35
whir_A26: 344,742,48,35
whir_B05: 280,785,54,78
whir_A16: 275,21,54,35
whir_A17: 219,21,54,35
whir_A27: 329,21,48,35
whir_A23: 161,22,54,35
whir_A18: 230,92,54,37
whir_C05: 286,92,162,36
whir_A06: 450,94,54,35
whir_A24: 506,94,54,35
whir_S04: 509,57,48,35
