WVWB_A01: 1245,47,48,35
WVWB_A02: 1196,575,48,35
WVWB_A03: 421,905,48,35
WVWB_A04: 10,868,48,35
WVWB_A05: 978,47,48,35
WVWB_A06: 421,935,48,35
WVWB_B01: 1246,10,98,35
WVWB_B02: 675,757,48,73
WVWB_B03: 60,868,99,35
WVWB_B04: 909,45,49,75
WVWB_B05: 798,86,100,35
WVWB_C01: 1245,575,150,35
WVWB_D01: 808,694,207,75
WVWB_D02: 560,706,105,75
WVWB_D03: 1042,47,201,35
WVWB_E01: 1347,10,252,35
WVWB_E02: 728,774,100,112
WVWB_F01: 633,86,152,79
WVWB_H01: 1004,611,201,75
WVWB_H02: 474,905,405,35
WVWB_J01: 162,866,255,75
WVWB_S01: 1229,537,48,35
WVWB_S02: 55,884,48,35
