WPTA_A01: 64,1086,48,37
WPTA_A02: 83,2354,48,35
WPTA_A03: 314,1089,48,35
WPTA_A04: 338,1245,48,35
WPTA_A05: 111,1001,48,35
WPTA_B02: 60,1126,100,35
WPTA_B03: 112,1048,48,75
WPTA_B04: 12,1980,100,35
WPTA_B05: 59,2109,48,75
WPTA_B06: 412,153,48,75
WPTA_B07: 338,2314,48,75
WPTA_B08: 263,158,48,75
WPTA_B09: 382,1245,48,75
WPTA_B10: 10,1917,99,35
WPTA_C01: 12,2018,48,115
WPTA_C02: 161,1978,48,115
WPTA_C03: 108,2013,48,115
WPTA_C04: 364,1087,48,115
WPTA_C05: 314,1127,48,115
WPTA_C06: 337,2438,48,115
WPTA_C07: 463,942,48,115
WPTA_D01: 312,1001,100,75
WPTA_D02: 412,69,102,76
WPTA_D03: 57,2193,100,75
WPTA_D04: 59,2275,100,75
WPTA_E01: 59,69,252,38
WPTA_F01: 308,2198,104,112
WPTA_F02: 84,2398,308,35
WPTA_F03: 337,2559,48,227
WPTA_G01: 57,282,353,37
WPTA_S01: 63,2022,48,35
WPTA_S02: 380,1041,48,35
WPTA_S03: 336,1419,48,35
