Piece : DS_B10
104x35
1333x-70
########################################################################################################
########################################################################################################
########################################################################################################
########################################################################################################
########################################################################################################
########################################################################################################
########################################################################################################
########################################################################################################
########################################################################################################
########################################################################################################
########################################################################################################
###########/....../#####################################################################################
#####...........................................####...........#..##................##.#........########
###=...............................................#############..####################.###.......=######
#####.............................................................#..................#..........########
###=.............................................................................................=######
#####.............................................#.............................................########
###=..........................................##..#..............................................=######
#####..........................................#..#.##..........................................########
###=...........................................####.#.....................................#####..=######
########..........##.......................###########...................................###############
#############....#######################################################################################
######.........................................#########.......................................#########
#########################################/.....#########...../##########################################
########################################################################################################
###########################################=#=###########=#=############################################
########################################################################################################
########################################################################################################
########################################################################################################
########################################################################################################
########################################################################################################
########################################################################################################
########################################################################################################
########################################################################################################
########################################################################################################
(3,13),(3,14)|(3,15),(3,16)|(3,17),(3,18)|(3,19),(3,20)|(5,12),(5,13)|(5,14),(5,15)|(5,16),(5,17)|(5,18),(5,19)|(6,22),(6,23)|(8,20),(8,21)|(13,21),(13,22)|(17,21),(17,22)|(18,20),(18,21)|(20,20),(20,21)|(43,20),(43,21)|(43,25),(43,26)|(44,25),(44,26)|(45,25),(45,26)|(46,17),(46,18)|(46,25),(46,26)|(47,18),(47,20)|(47,22),(47,24)|(48,12),(48,13)|(48,17),(48,19)|(50,16),(50,19)|(51,13),(51,14)|(51,16),(51,20)|(52,12),(52,13)|(52,18),(52,20)|(53,19),(53,20)|(54,18),(54,19)|(54,20),(54,21)|(56,22),(56,24)|(57,25),(57,26)|(58,25),(58,26)|(59,25),(59,26)|(60,25),(60,26)|(63,12),(63,13)|(64,12),(64,14)|(66,12),(66,15)|(67,14),(67,15)|(68,12),(68,13)|(84,12),(84,13)|(85,14),(85,15)|(86,12),(86,15)|(87,12),(87,14)|(88,12),(88,13)|(89,20),(89,21)|(90,13),(90,14)|(90,19),(90,20)|(95,19),(95,20)|(95,22),(95,23)|(96,12),(96,13)|(96,14),(96,15)|(96,16),(96,17)|(96,18),(96,19)|(98,13),(98,14)|(98,15),(98,16)|(98,17),(98,18)|(98,19),(98,20)|
(12,11),(18,11)|(5,12),(11,12)|(19,12),(48,12)|(52,12),(63,12)|(64,12),(66,12)|(68,12),(84,12)|(86,12),(87,12)|(88,12),(96,12)|(3,13),(5,13)|(48,13),(51,13)|(52,13),(63,13)|(68,13),(84,13)|(88,13),(90,13)|(96,13),(98,13)|(3,14),(5,14)|(51,14),(64,14)|(67,14),(85,14)|(87,14),(90,14)|(96,14),(98,14)|(3,15),(5,15)|(66,15),(67,15)|(85,15),(86,15)|(96,15),(98,15)|(3,16),(5,16)|(50,16),(51,16)|(96,16),(98,16)|(3,17),(5,17)|(46,17),(48,17)|(96,17),(98,17)|(3,18),(5,18)|(46,18),(47,18)|(52,18),(54,18)|(96,18),(98,18)|(3,19),(5,19)|(48,19),(50,19)|(53,19),(54,19)|(90,19),(95,19)|(96,19),(98,19)|(3,20),(8,20)|(18,20),(20,20)|(43,20),(47,20)|(51,20),(52,20)|(53,20),(54,20)|(89,20),(90,20)|(95,20),(98,20)|(8,21),(13,21)|(17,21),(18,21)|(20,21),(43,21)|(54,21),(89,21)|(6,22),(13,22)|(17,22),(47,22)|(56,22),(95,22)|(6,23),(41,23)|(62,23),(95,23)|(42,24),(47,24)|(56,24),(61,24)|(43,25),(44,25)|(45,25),(46,25)|(57,25),(58,25)|(59,25),(60,25)|(43,26),(44,26)|(45,26),(46,26)|(57,26),(58,26)|(59,26),(60,26)|
(18,11),(19,12)|(41,23),(42,24)|
(11,12),(12,11)|(61,24),(62,23)|
None|
None|
end file : DS_B10