Piece : GW_A10
48x35
-514x-47
################################################
################################################
################################################
################################################
########################|#######################
###################.....|...####################
#################.......|.....##################
###############.................################
#####.................................##########
##=......................................#######
####........................................=###
#############............|.................#####
#########=####....|......|........##############
##############....|......##....#################
##############...###....###....#################
##############....##....##.....#################
##############....#......#.....#################
#############.....|......#......################
#############.....|......#......################
############......|......#.......###############
############......|......|.......###############
##########=.......|......|.......###############
############......|......|.......###############
############......|......|.......###############
#############.....|......|......################
##############....|......|......################
###############...|......|.....#################
#################.|......|...###################
###################......|.#####################
#####################....#######################
################################################
#######################=########################
################################################
################################################
################################################
(2,9),(2,10)|(4,10),(4,11)|(5,8),(5,9)|(9,12),(9,13)|(10,12),(10,13)|(10,21),(10,22)|(12,19),(12,21)|(12,22),(12,24)|(13,11),(13,12)|(13,17),(13,19)|(13,24),(13,25)|(14,12),(14,17)|(14,25),(14,26)|(15,7),(15,8)|(15,26),(15,27)|(17,6),(17,7)|(17,14),(17,15)|(17,27),(17,28)|(18,15),(18,17)|(19,5),(19,6)|(19,16),(19,17)|(19,28),(19,29)|(20,14),(20,16)|(21,29),(21,30)|(23,31),(23,32)|(24,4),(24,5)|(24,14),(24,16)|(24,31),(24,32)|(25,4),(25,5)|(25,13),(25,14)|(25,16),(25,20)|(25,29),(25,30)|(26,15),(26,20)|(27,13),(27,15)|(27,28),(27,29)|(28,5),(28,6)|(29,27),(29,28)|(30,6),(30,7)|(31,13),(31,17)|(31,26),(31,27)|(32,7),(32,8)|(32,17),(32,19)|(32,24),(32,26)|(33,19),(33,24)|(34,12),(34,13)|(38,8),(38,9)|(41,9),(41,10)|(43,11),(43,12)|(45,10),(45,11)|
(24,4),(25,4)|(19,5),(24,5)|(25,5),(28,5)|(17,6),(19,6)|(28,6),(30,6)|(15,7),(17,7)|(30,7),(32,7)|(5,8),(15,8)|(32,8),(38,8)|(2,9),(5,9)|(38,9),(41,9)|(2,10),(4,10)|(41,10),(45,10)|(4,11),(13,11)|(43,11),(45,11)|(9,12),(10,12)|(13,12),(14,12)|(34,12),(43,12)|(9,13),(10,13)|(25,13),(27,13)|(31,13),(34,13)|(17,14),(20,14)|(24,14),(25,14)|(17,15),(18,15)|(26,15),(27,15)|(19,16),(20,16)|(24,16),(25,16)|(13,17),(14,17)|(18,17),(19,17)|(31,17),(32,17)|(12,19),(13,19)|(32,19),(33,19)|(25,20),(26,20)|(10,21),(12,21)|(10,22),(12,22)|(12,24),(13,24)|(32,24),(33,24)|(13,25),(14,25)|(14,26),(15,26)|(31,26),(32,26)|(15,27),(17,27)|(29,27),(31,27)|(17,28),(19,28)|(27,28),(29,28)|(19,29),(21,29)|(25,29),(27,29)|(21,30),(25,30)|(23,31),(24,31)|(23,32),(24,32)|
None|
None|
(18.5,12),(18.5,14)|(18.5,17),(18.5,28)|(24.5,4),(24.5,7)|(25.5,11),(25.5,13)|(25.5,20),(25.5,29)|
None|
end file : GW_A10