Piece : GW_A20
54x35
994x56
######################################################
######################################################
###########################################=##########
###########################################|##########
##########################################.|.#########
###########################.....##########.|...#######
########################............#####..|..########
#######################..............###...###########
###################.......................############
########...###...............##...........############
#######..................##########......#############
####=.................################..##############
########.............################...##############
############.............##########.....##############
##################.........####.......################
#####################................#################
########################...........###################
######################################################
###########################=##########################
######################################################
######################################################
######################################################
######################################################
######################################################
######################################################
######################################################
######################################################
######################################################
######################################################
######################################################
######################################################
######################################################
######################################################
######################################################
######################################################
(4,11),(4,12)|(7,10),(7,11)|(8,9),(8,10)|(8,12),(8,13)|(11,9),(11,10)|(12,13),(12,14)|(14,9),(14,10)|(18,14),(18,15)|(19,8),(19,9)|(21,12),(21,13)|(21,15),(21,16)|(22,11),(22,12)|(23,7),(23,8)|(24,6),(24,7)|(24,16),(24,17)|(25,10),(25,11)|(25,13),(25,14)|(27,5),(27,6)|(27,14),(27,15)|(27,18),(27,19)|(28,18),(28,19)|(29,9),(29,10)|(31,9),(31,10)|(31,14),(31,15)|(32,5),(32,6)|(35,10),(35,11)|(35,13),(35,14)|(35,16),(35,17)|(36,6),(36,7)|(37,7),(37,8)|(37,12),(37,13)|(37,15),(37,16)|(38,11),(38,12)|(38,14),(38,15)|(40,7),(40,8)|(40,11),(40,14)|(41,6),(41,7)|(41,10),(41,11)|(42,4),(42,6)|(42,8),(42,10)|(43,2),(43,4)|(43,7),(43,8)|(44,2),(44,4)|(45,4),(45,5)|(46,6),(46,7)|(47,5),(47,6)|
(43,2),(44,2)|(42,4),(43,4)|(44,4),(45,4)|(27,5),(32,5)|(45,5),(47,5)|(24,6),(27,6)|(32,6),(36,6)|(41,6),(42,6)|(46,6),(47,6)|(23,7),(24,7)|(36,7),(37,7)|(40,7),(41,7)|(43,7),(46,7)|(19,8),(23,8)|(37,8),(40,8)|(42,8),(43,8)|(8,9),(11,9)|(14,9),(19,9)|(29,9),(31,9)|(7,10),(8,10)|(11,10),(14,10)|(25,10),(29,10)|(31,10),(35,10)|(41,10),(42,10)|(4,11),(7,11)|(22,11),(25,11)|(35,11),(38,11)|(40,11),(41,11)|(4,12),(8,12)|(21,12),(22,12)|(37,12),(38,12)|(8,13),(12,13)|(21,13),(25,13)|(35,13),(37,13)|(12,14),(18,14)|(25,14),(27,14)|(31,14),(35,14)|(38,14),(40,14)|(18,15),(21,15)|(27,15),(31,15)|(37,15),(38,15)|(21,16),(24,16)|(35,16),(37,16)|(24,17),(35,17)|(27,18),(28,18)|(27,19),(28,19)|
None|
None|
(43.5,3),(43.5,7)|
None|
end file : GW_A20