Piece : GW_B03
54x78
-106x20
......................................................
......................................................
.....................................................|
.....................................................|
#....................................................#
#...................................................##
#....................................................#
#....................................................#
#....................................................|
#....................................................|
#....................................................|
#....................................................#
#.................................................####
####.............................................#####
#####...........................................######
#####...........................................######
#####...........................................######
######.........................................#######
######.........................................#######
######.........................................#######
####=..........................................#######
#######...................|.....................=#####
#######...................|....................#######
########..................#....................#######
########................###...................########
#########.................#..................#########
#########.................##.................#########
##########................#....|.............#########
###########...............|....|............##########
##################........|....|...........###########
##################........|....|...........###########
#################.........|....|..........############
##################........|....|........##############
###################.......|....|........##############
####################......|....|.......###############
####################......|....|......################
#####################.....|....|.....#################
#####################.....|....|...###################
######################....|....|..####################
######################....|....|..####################
#######################...|....|..####################
#######################...|....|..####################
#######################...|....|..####################
######################....|....#..####################
#####################.....|...##..####################
#####################.....|...##...###################
####################......|....|...###################
##################........|....|.....#################
#################.........|....|......################
#################.........#....|........##############
################.......#####...|..........##..########
##############........######...|...............#######
#############.......#######....|................=#####
###########........######......|...............#######
#########.........######.......|..............########
#######...........#####........#..####################
######..........#######.......######=#=###############
####=..........########.......########################
######.......#########.......#########################
#######...############......##########################
######################......##########################
######################......##########################
######################......##########################
######################.......#########################
#######################.......########################
#######################........#######################
########################........######################
########################.........#####################
#########################.........####################
##########################.........###################
###########################.........##################
############################.........=################
#############################......###################
##############################...#####################
######################################################
###############################=######################
######################################################
######################################################
(1,4),(1,13)|(4,13),(4,14)|(4,20),(4,21)|(4,57),(4,58)|(5,14),(5,17)|(6,17),(6,20)|(6,56),(6,57)|(6,58),(6,59)|(7,21),(7,23)|(7,55),(7,56)|(7,59),(7,60)|(8,23),(8,25)|(9,25),(9,27)|(9,54),(9,55)|(10,27),(10,28)|(10,59),(10,60)|(11,28),(11,29)|(11,53),(11,54)|(13,52),(13,53)|(13,58),(13,59)|(14,51),(14,52)|(15,57),(15,58)|(16,50),(16,51)|(16,56),(16,57)|(17,31),(17,32)|(17,48),(17,50)|(18,29),(18,31)|(18,32),(18,33)|(18,47),(18,48)|(18,54),(18,56)|(19,33),(19,34)|(19,53),(19,54)|(20,34),(20,36)|(20,46),(20,47)|(20,52),(20,53)|(21,36),(21,38)|(21,44),(21,46)|(22,38),(22,40)|(22,43),(22,44)|(22,51),(22,52)|(22,58),(22,64)|(23,40),(23,43)|(23,50),(23,51)|(23,55),(23,58)|(23,64),(23,66)|(24,24),(24,25)|(24,54),(24,55)|(24,66),(24,68)|(25,53),(25,54)|(25,68),(25,69)|(26,23),(26,24)|(26,25),(26,28)|(26,49),(26,50)|(26,69),(26,70)|(27,23),(27,26)|(27,27),(27,28)|(27,49),(27,50)|(27,52),(27,53)|(27,70),(27,71)|(28,26),(28,27)|(28,50),(28,52)|(28,59),(28,63)|(28,71),(28,72)|(29,58),(29,59)|(29,63),(29,64)|(29,72),(29,73)|(30,44),(30,46)|(30,56),(30,58)|(30,64),(30,65)|(30,73),(30,74)|(31,43),(31,44)|(31,55),(31,56)|(31,65),(31,66)|(31,75),(31,76)|(32,43),(32,46)|(32,55),(32,56)|(32,66),(32,67)|(32,75),(32,76)|(33,67),(33,68)|(33,73),(33,74)|(34,38),(34,45)|(34,55),(34,56)|(34,68),(34,69)|(35,37),(35,38)|(35,45),(35,47)|(35,69),(35,70)|(35,72),(35,73)|(36,56),(36,57)|(36,70),(36,71)|(37,36),(37,37)|(37,47),(37,48)|(37,56),(37,57)|(38,35),(38,36)|(38,48),(38,49)|(38,56),(38,57)|(38,71),(38,72)|(39,34),(39,35)|(39,56),(39,57)|(40,32),(40,34)|(40,49),(40,50)|(42,31),(42,32)|(42,50),(42,51)|(43,29),(43,31)|(44,28),(44,29)|(44,50),(44,51)|(45,25),(45,28)|(46,24),(46,25)|(46,50),(46,51)|(46,54),(46,55)|(47,17),(47,21)|(47,22),(47,24)|(47,51),(47,52)|(47,53),(47,54)|(48,14),(48,17)|(49,13),(49,14)|(49,21),(49,22)|(49,52),(49,53)|(50,12),(50,13)|(52,5),(52,6)|(53,4),(53,5)|(53,6),(53,8)|(53,11),(53,12)|(54,4),(54,8)|
(0,4),(1,4)|(53,4),(54,4)|(52,5),(53,5)|(52,6),(53,6)|(53,8),(54,8)|(53,11),(54,11)|(50,12),(53,12)|(1,13),(4,13)|(49,13),(50,13)|(4,14),(5,14)|(48,14),(49,14)|(5,17),(6,17)|(47,17),(48,17)|(4,20),(6,20)|(4,21),(7,21)|(47,21),(49,21)|(47,22),(49,22)|(7,23),(8,23)|(26,23),(27,23)|(24,24),(26,24)|(46,24),(47,24)|(8,25),(9,25)|(24,25),(26,25)|(45,25),(46,25)|(27,26),(28,26)|(9,27),(10,27)|(27,27),(28,27)|(10,28),(11,28)|(26,28),(27,28)|(44,28),(45,28)|(11,29),(18,29)|(43,29),(44,29)|(17,31),(18,31)|(42,31),(43,31)|(17,32),(18,32)|(40,32),(42,32)|(18,33),(19,33)|(19,34),(20,34)|(39,34),(40,34)|(38,35),(39,35)|(20,36),(21,36)|(37,36),(38,36)|(35,37),(37,37)|(21,38),(22,38)|(34,38),(35,38)|(22,40),(23,40)|(22,43),(23,43)|(31,43),(32,43)|(21,44),(22,44)|(30,44),(31,44)|(34,45),(35,45)|(20,46),(21,46)|(30,46),(32,46)|(18,47),(20,47)|(35,47),(37,47)|(17,48),(18,48)|(37,48),(38,48)|(26,49),(27,49)|(38,49),(40,49)|(16,50),(17,50)|(23,50),(26,50)|(27,50),(28,50)|(40,50),(42,50)|(44,50),(46,50)|(14,51),(16,51)|(22,51),(23,51)|(42,51),(44,51)|(46,51),(47,51)|(13,52),(14,52)|(20,52),(22,52)|(27,52),(28,52)|(47,52),(49,52)|(11,53),(13,53)|(19,53),(20,53)|(25,53),(27,53)|(47,53),(49,53)|(9,54),(11,54)|(18,54),(19,54)|(24,54),(25,54)|(46,54),(47,54)|(7,55),(9,55)|(23,55),(24,55)|(31,55),(32,55)|(34,55),(46,55)|(6,56),(7,56)|(16,56),(18,56)|(30,56),(31,56)|(32,56),(34,56)|(36,56),(37,56)|(38,56),(39,56)|(4,57),(6,57)|(15,57),(16,57)|(36,57),(37,57)|(38,57),(39,57)|(4,58),(6,58)|(13,58),(15,58)|(22,58),(23,58)|(29,58),(30,58)|(6,59),(7,59)|(10,59),(13,59)|(28,59),(29,59)|(7,60),(10,60)|(28,63),(29,63)|(22,64),(23,64)|(29,64),(30,64)|(30,65),(31,65)|(23,66),(24,66)|(31,66),(32,66)|(32,67),(33,67)|(24,68),(25,68)|(33,68),(34,68)|(25,69),(26,69)|(34,69),(35,69)|(26,70),(27,70)|(35,70),(36,70)|(27,71),(28,71)|(36,71),(38,71)|(28,72),(29,72)|(35,72),(38,72)|(29,73),(30,73)|(33,73),(35,73)|(30,74),(33,74)|(31,75),(32,75)|(31,76),(32,76)|
None|
None|
(26.5,21),(26.5,23)|(26.5,28),(26.5,49)|(31.5,27),(31.5,43)|(31.5,46),(31.5,55)|(53.5,2),(53.5,4)|(53.5,8),(53.5,11)|
None|
end file : GW_B03