Piece : GW_C05
152x35
1489x172
.................................................................................................................................................#######
..................................................................................................................|..................|...........#######
..................................................................................................................|....-+------------+-....|......=#####
............................................................................................................|.....|.....|............|.....|.....#######
............................................................................................................|.....|.....|............|.....|......=#####
#...........................................................................................................|.....|.....|............|.....|.....#######
#......................................................................................................########---+-----+-...........+-#################
#......................................................................................................########...|.....|............|.#################
#...........................................................................................................|.....|.....|............|.....|.....#######
#...........................................................................................................|.....|.....|............|.....|.....#######
####........................................................................................................|.....|.....|......|.....|.....|.....#######
######..................................................................................................----+----.|....-+------+-----+-----+-....#######
######......................................................................................................|.....|.....|......|.....|.....|......=#####
######......................................................................................................|.....|.....|......|.....|.....|.....#######
######............................................................................|.........................|.....|.....|......|.....|.....|......=#####
######............................................................................|............|............|.....|.....|......|.....|....###....#######
####=.................................................................|...........|............|...........-+-----+-----+########HHHHHH#################
######................................................................|...........|............|............|.....|.....|########....|.#################
#######...............................................................|...........#............|............|.....|.....|......|.....|.....|....########
#########.............................................................|...........#............#............|.....|.....|......|.....|.....|....########
#########.............................................................#..........###...........#............|....-+-----+------+-----+-----+--##########
##########............................................................#...........##..........###...........|.....|.....|......|.....|.....|.###########
###########....................................###...................###..........|............#............|.....|.....|......|.....|.....|############
############...............................###########................|...........|............|............|....##.....|......|.....|...###############
#############..........................##################.............|...........|............|.......#####H###########H############H##################
##################.........##.......#########################.........|...........|............|.......#####.###########.############.##################
###############################################################.......|...........|............|.......#####=###########=############=##################
#################################################################.....|...........|............|.....###################################################
####################################################################..|...#.......|............|...#####################################################
######################################################################################.........|.#######################################################
#########################################################################################..#############################################################
########################################################################################################################################################
########################################################################################################################################################
########################################################################################################################################################
########################################################################################################################################################
(1,5),(1,10)|(4,10),(4,11)|(4,16),(4,17)|(6,11),(6,16)|(6,17),(6,18)|(7,18),(7,19)|(9,19),(9,21)|(10,21),(10,22)|(11,22),(11,23)|(12,23),(12,24)|(13,24),(13,25)|(18,25),(18,26)|(27,25),(27,26)|(29,25),(29,26)|(36,25),(36,26)|(39,24),(39,25)|(43,23),(43,24)|(47,22),(47,23)|(50,22),(50,23)|(54,23),(54,24)|(57,24),(57,25)|(61,25),(61,26)|(63,26),(63,27)|(65,27),(65,28)|(68,28),(68,29)|(69,22),(69,23)|(70,20),(70,22)|(71,20),(71,22)|(72,22),(72,23)|(74,28),(74,29)|(75,28),(75,29)|(81,20),(81,21)|(82,18),(82,20)|(82,21),(82,22)|(83,18),(83,20)|(84,20),(84,22)|(86,29),(86,30)|(89,30),(89,31)|(91,30),(91,31)|(94,21),(94,22)|(95,19),(95,21)|(95,22),(95,23)|(96,19),(96,21)|(96,22),(96,23)|(97,21),(97,22)|(97,29),(97,30)|(99,28),(99,29)|(101,27),(101,28)|(103,6),(103,8)|(103,24),(103,27)|(108,24),(108,27)|(109,24),(109,27)|(111,6),(111,8)|(113,23),(113,24)|(115,23),(115,24)|(120,24),(120,27)|(121,16),(121,18)|(121,24),(121,27)|(129,16),(129,18)|(133,24),(133,27)|(134,24),(134,27)|(135,6),(135,8)|(135,16),(135,18)|(137,23),(137,24)|(138,15),(138,16)|(140,22),(140,23)|(141,15),(141,16)|(141,21),(141,22)|(142,20),(142,21)|(144,18),(144,20)|(145,0),(145,2)|(145,3),(145,4)|(145,5),(145,6)|(145,8),(145,12)|(145,13),(145,14)|(145,15),(145,16)|(147,2),(147,3)|(147,4),(147,5)|(147,12),(147,13)|(147,14),(147,15)|
(145,2),(147,2)|(145,3),(147,3)|(145,4),(147,4)|(0,5),(1,5)|(145,5),(147,5)|(103,6),(111,6)|(135,6),(145,6)|(103,8),(111,8)|(135,8),(145,8)|(1,10),(4,10)|(4,11),(6,11)|(145,12),(147,12)|(145,13),(147,13)|(145,14),(147,14)|(138,15),(141,15)|(145,15),(147,15)|(4,16),(6,16)|(121,16),(129,16)|(135,16),(138,16)|(141,16),(145,16)|(4,17),(6,17)|(6,18),(7,18)|(82,18),(83,18)|(121,18),(129,18)|(135,18),(144,18)|(7,19),(9,19)|(95,19),(96,19)|(70,20),(71,20)|(81,20),(82,20)|(83,20),(84,20)|(142,20),(144,20)|(9,21),(10,21)|(81,21),(82,21)|(94,21),(95,21)|(96,21),(97,21)|(141,21),(142,21)|(10,22),(11,22)|(47,22),(50,22)|(69,22),(70,22)|(71,22),(72,22)|(82,22),(84,22)|(94,22),(95,22)|(96,22),(97,22)|(140,22),(141,22)|(11,23),(12,23)|(43,23),(47,23)|(50,23),(54,23)|(69,23),(72,23)|(95,23),(96,23)|(113,23),(115,23)|(137,23),(140,23)|(12,24),(13,24)|(39,24),(43,24)|(54,24),(57,24)|(103,24),(108,24)|(109,24),(113,24)|(115,24),(120,24)|(121,24),(133,24)|(134,24),(137,24)|(13,25),(18,25)|(27,25),(29,25)|(36,25),(39,25)|(57,25),(61,25)|(18,26),(27,26)|(29,26),(36,26)|(61,26),(63,26)|(63,27),(65,27)|(101,27),(103,27)|(108,27),(109,27)|(120,27),(121,27)|(133,27),(134,27)|(65,28),(68,28)|(74,28),(75,28)|(99,28),(101,28)|(68,29),(74,29)|(75,29),(86,29)|(97,29),(99,29)|(86,30),(89,30)|(91,30),(97,30)|(89,31),(91,31)|
None|
None|
(70.5,16),(70.5,20)|(70.5,23),(70.5,29)|(82.5,14),(82.5,18)|(82.5,22),(82.5,29)|(95.5,15),(95.5,19)|(95.5,23),(95.5,30)|(108.5,3),(108.5,6)|(108.5,8),(108.5,24)|(114.5,1),(114.5,23)|(120.5,2),(120.5,24)|(127.5,10),(127.5,16)|(127.5,18),(127.5,24)|(133.5,1),(133.5,16)|(133.5,17),(133.5,24)|(139.5,2),(139.5,6)|(139.5,8),(139.5,15)|(139.5,18),(139.5,23)|
(119,2.5),(135,2.5)|(111,6.5),(122,6.5)|(133,6.5),(135,6.5)|(104,11.5),(113,11.5)|(119,11.5),(141,11.5)|(107,16.5),(121,16.5)|(113,20.5),(142,20.5)|
end file : GW_C05