Piece : SL_B02
112x35
281x170
......................................................................................................####......
............................................................................................###.......####......
............................................................................................###...########......
............................................................................................###...##=#####......
........###........####.............##.........##########.................######################################
........#=##.......#####--.........###-.....---#########-------------------#####################################
.......#####......######..........#####-------#############.........---#########################################
........##..........###............####.........#########............###########################################
................................................./######/...........#####/........./######/........./######/....
................................................../####/............####/.........../####/.........../####/.....
....................................................###.............####.............####.............####......
....................................................##..............####.............####.............####......
....................................................|...............####.............####.............####......
....................................................|...............####.............####.............####......
....................................................|...............#.##.............####.............####......
....................................................|...............####.............####.............####......
....................................................................#.##.............####.............####......
....................................................................#.##.............####.............####......
....................................................................#.##.............####.............####......
.......................................................................#..............###.............####......
.......................................................................#..............#.#.............####......
.....................................................|................................|...............####......
.....................................................|...............#................|...............####......
...........................####......................|...............#................#|..............####......
...........................#=##......................|...............#................#|..............####......
...........................####.....................#|..............###..............###..............####......
...........................####..........#..........#|..............###..............####.............####......
...........................####..........#..........##..............####.............####.............####......
...........................####..........#..........###.............####.............####.............####......
...........................####..........#..........###.............####.............###########################
..................###.....#####.........####.......####............######...........############################
..............#################...##....####.......####............#######...###################################
........#########################.##....####.......#####...##.##.##########.####################################
###############################################...##############################################################
################################################################################################################
(7,6),(7,7)|(8,4),(8,6)|(8,7),(8,8)|(8,32),(8,33)|(9,5),(9,6)|(10,5),(10,6)|(10,7),(10,8)|(11,4),(11,5)|(12,5),(12,7)|(14,31),(14,32)|(18,6),(18,7)|(18,30),(18,31)|(19,4),(19,6)|(20,7),(20,8)|(21,30),(21,31)|(23,4),(23,5)|(23,7),(23,8)|(24,5),(24,7)|(26,30),(26,31)|(27,23),(27,30)|(28,24),(28,25)|(29,24),(29,25)|(31,23),(31,32)|(33,32),(33,33)|(34,6),(34,7)|(34,31),(34,33)|(35,5),(35,6)|(35,7),(35,8)|(36,4),(36,5)|(36,31),(36,33)|(38,4),(38,6)|(39,6),(39,8)|(40,30),(40,33)|(41,26),(41,30)|(42,26),(42,30)|(44,30),(44,33)|(46,6),(46,7)|(47,4),(47,6)|(47,33),(47,34)|(48,7),(48,8)|(50,33),(50,34)|(51,30),(51,33)|(52,10),(52,12)|(52,25),(52,30)|(53,25),(53,27)|(54,11),(54,12)|(54,27),(54,28)|(55,10),(55,11)|(55,28),(55,32)|(56,5),(56,6)|(56,32),(56,33)|(57,4),(57,5)|(57,7),(57,8)|(59,6),(59,7)|(59,32),(59,33)|(61,32),(61,33)|(62,32),(62,33)|(64,32),(64,33)|(65,32),(65,33)|(67,30),(67,32)|(68,8),(68,19)|(68,25),(68,30)|(69,7),(69,8)|(69,14),(69,15)|(69,16),(69,19)|(69,22),(69,25)|(70,14),(70,15)|(70,16),(70,19)|(70,22),(70,25)|(71,6),(71,7)|(71,19),(71,21)|(71,25),(71,27)|(72,10),(72,21)|(72,27),(72,30)|(73,30),(73,31)|(74,4),(74,5)|(74,31),(74,32)|(75,5),(75,6)|(75,32),(75,33)|(76,32),(76,33)|(77,31),(77,32)|(84,30),(84,31)|(85,10),(85,19)|(85,25),(85,30)|(86,19),(86,21)|(86,23),(86,25)|(87,20),(87,21)|(87,23),(87,25)|(88,20),(88,21)|(88,25),(88,26)|(89,10),(89,21)|(89,26),(89,29)|(92,1),(92,4)|(95,1),(95,4)|(98,2),(98,4)|(100,3),(100,4)|(101,3),(101,4)|(102,0),(102,2)|(102,10),(102,29)|(106,0),(106,4)|(106,10),(106,29)|(112,4),(112,8)|
(102,0),(106,0)|(92,1),(95,1)|(98,2),(102,2)|(100,3),(101,3)|(8,4),(11,4)|(19,4),(23,4)|(36,4),(38,4)|(47,4),(57,4)|(74,4),(92,4)|(95,4),(98,4)|(100,4),(101,4)|(106,4),(112,4)|(9,5),(10,5)|(11,5),(12,5)|(23,5),(24,5)|(35,5),(36,5)|(56,5),(57,5)|(74,5),(75,5)|(7,6),(8,6)|(9,6),(10,6)|(18,6),(19,6)|(34,6),(35,6)|(38,6),(39,6)|(46,6),(47,6)|(56,6),(59,6)|(71,6),(75,6)|(7,7),(8,7)|(10,7),(12,7)|(18,7),(20,7)|(23,7),(24,7)|(34,7),(35,7)|(46,7),(48,7)|(57,7),(59,7)|(69,7),(71,7)|(8,8),(10,8)|(20,8),(23,8)|(35,8),(39,8)|(48,8),(49,8)|(68,8),(69,8)|(74,8),(83,8)|(91,8),(100,8)|(108,8),(112,8)|(51,10),(52,10)|(54,11),(55,11)|(52,12),(54,12)|(69,14),(70,14)|(69,15),(70,15)|(69,16),(70,16)|(68,19),(69,19)|(70,19),(71,19)|(85,19),(86,19)|(87,20),(88,20)|(71,21),(72,21)|(86,21),(87,21)|(88,21),(89,21)|(69,22),(70,22)|(27,23),(31,23)|(86,23),(87,23)|(28,24),(29,24)|(28,25),(29,25)|(52,25),(53,25)|(68,25),(69,25)|(70,25),(71,25)|(85,25),(86,25)|(87,25),(88,25)|(41,26),(42,26)|(88,26),(89,26)|(53,27),(54,27)|(71,27),(72,27)|(54,28),(55,28)|(89,29),(102,29)|(106,29),(112,29)|(18,30),(21,30)|(26,30),(27,30)|(40,30),(41,30)|(42,30),(44,30)|(51,30),(52,30)|(67,30),(68,30)|(72,30),(73,30)|(84,30),(85,30)|(14,31),(18,31)|(21,31),(26,31)|(34,31),(36,31)|(73,31),(74,31)|(77,31),(84,31)|(8,32),(14,32)|(31,32),(33,32)|(55,32),(56,32)|(59,32),(61,32)|(62,32),(64,32)|(65,32),(67,32)|(74,32),(75,32)|(76,32),(77,32)|(0,33),(8,33)|(33,33),(34,33)|(36,33),(40,33)|(44,33),(47,33)|(50,33),(51,33)|(56,33),(59,33)|(61,33),(62,33)|(64,33),(65,33)|(75,33),(76,33)|(47,34),(50,34)|
(49,8),(51,10)|(83,8),(85,10)|(100,8),(102,10)|
(55,10),(57,8)|(72,10),(74,8)|(89,10),(91,8)|(106,10),(108,8)|
(52.5,12),(52.5,16)|(53.5,21),(53.5,27)|(86.5,21),(86.5,23)|(87.5,23),(87.5,25)|
(24,5.5),(26,5.5)|(38,5.5),(39,5.5)|(44,5.5),(47,5.5)|(56,5.5),(75,5.5)|(39,6.5),(46,6.5)|(68,6.5),(71,6.5)|
end file : SL_B02