Piece : SL_C02
179x35
-1186x163
...................................................................................................................................................................................
...................................................................................................###.............................................................................
.........................................................................................|.........###.............................................................................
......................................................................................|..|.........###.............................................................................
......................................................................................####..........|..................###.........................................................
.............................................................###....................../##/..........|..................###.........................................................
...................................................|.........###......................|##|..........|..................###.........................................................
................................................|..|.........###......................|..|..........|...................|..........................................................
................................................####..........|.......................|..|..........|.######...####.....|...............|..|.......................................
...........................................|..../##/..........|.......................|..|......#####################...|...............####.......................................
...........................................|....|##|..........|.......................|..##############################.|.............../##/.......................................
...........................................|....|..|..........|.......................|###################################..............|##|.......................................
...........................................|....|..|..........|.....................###############............############.............|..|.......................................
...........................................|....|..|..........##....................####.######......................######.............|..|.......................................
...........................................|.######|.####...#######..............................................................###....|..|.......................................
.........................................#############=##.##########..........................................................#########.|..|.......................................
........................................#############################.......................................................##############.|.......................................
..............#.........................##############################...............#####..........####..................###################......................................
.............####.......................###############################.............#############...#=##............##########################.....................................
.............####.......................###############################.............###############.####...###################################.....................................
................|.......................###############################.............###########################################################....................................
................|......................###############################..............###########################################################....................................
................|.....................################################...............############################################################..................................
.............####.....................###############################.................############################################################.................................
.............#=##...................#.##############################..................############################################################.................................
.............#####.................#################################..................##########################################.....###########..................####.............
............#######...............#################################...................########################################....................................#=##.............
..........###########.............################################.....................######################################.....................#####..........#####.............
.......#####################.....###################################..................########################################................###########.......#############......
...###########################.######################################................###########################################..........#######################################..
#######################################################################............###############################################.################################################
#########################################################################.#.##.#.##################################################################################################
###################################################################################################################################################################################
###################################################################################################################################################################################
###################################################################################################################################################################################
(3,29),(3,30)|(7,28),(7,29)|(10,27),(10,28)|(12,26),(12,27)|(13,18),(13,20)|(13,23),(13,26)|(14,17),(14,18)|(14,24),(14,25)|(15,17),(15,18)|(15,24),(15,25)|(17,18),(17,20)|(17,23),(17,25)|(18,25),(18,26)|(19,26),(19,27)|(21,27),(21,28)|(28,28),(28,29)|(30,29),(30,30)|(31,29),(31,30)|(33,28),(33,29)|(34,26),(34,28)|(35,25),(35,26)|(36,24),(36,25)|(37,24),(37,25)|(38,22),(38,25)|(39,21),(39,22)|(40,16),(40,21)|(41,15),(41,16)|(45,14),(45,15)|(48,8),(48,9)|(49,10),(49,11)|(51,10),(51,11)|(51,14),(51,15)|(52,8),(52,9)|(53,14),(53,15)|(54,15),(54,16)|(55,15),(55,16)|(57,14),(57,16)|(58,15),(58,16)|(60,14),(60,15)|(61,5),(61,8)|(62,13),(62,14)|(64,5),(64,8)|(64,13),(64,14)|(66,27),(66,28)|(67,14),(67,15)|(67,26),(67,27)|(68,15),(68,16)|(68,24),(68,26)|(68,28),(68,29)|(69,16),(69,17)|(69,23),(69,24)|(69,29),(69,30)|(70,17),(70,18)|(70,21),(70,23)|(71,18),(71,21)|(71,30),(71,31)|(73,31),(73,32)|(74,31),(74,32)|(75,31),(75,32)|(76,31),(76,32)|(78,31),(78,32)|(79,31),(79,32)|(80,31),(80,32)|(81,31),(81,32)|(83,30),(83,31)|(84,12),(84,14)|(84,18),(84,22)|(85,17),(85,18)|(85,22),(85,23)|(85,29),(85,30)|(86,4),(86,5)|(86,23),(86,27)|(86,28),(86,29)|(87,6),(87,7)|(87,11),(87,12)|(87,27),(87,28)|(88,13),(88,14)|(89,6),(89,7)|(89,10),(89,11)|(89,13),(89,14)|(90,4),(90,5)|(90,17),(90,18)|(95,13),(95,14)|(96,9),(96,10)|(97,18),(97,19)|(99,1),(99,4)|(99,12),(99,13)|(99,19),(99,20)|(100,17),(100,20)|(101,18),(101,19)|(102,1),(102,4)|(102,8),(102,9)|(102,18),(102,19)|(104,17),(104,20)|(107,19),(107,20)|(108,8),(108,9)|(111,8),(111,9)|(111,12),(111,13)|(115,8),(115,9)|(116,18),(116,19)|(117,9),(117,10)|(117,13),(117,14)|(119,4),(119,7)|(119,10),(119,11)|(122,4),(122,7)|(122,11),(122,12)|(122,17),(122,18)|(123,12),(123,14)|(124,16),(124,17)|(125,27),(125,28)|(126,15),(126,16)|(126,26),(126,27)|(126,28),(126,29)|(128,25),(128,26)|(128,29),(128,30)|(129,14),(129,15)|(130,30),(130,31)|(131,30),(131,31)|(132,14),(132,15)|(133,25),(133,26)|(135,15),(135,16)|(136,9),(136,10)|(137,11),(137,12)|(138,16),(138,17)|(138,29),(138,30)|(139,11),(139,12)|(140,9),(140,10)|(141,17),(141,18)|(142,18),(142,20)|(142,28),(142,29)|(143,20),(143,22)|(144,25),(144,26)|(145,22),(145,23)|(146,23),(146,25)|(146,27),(146,28)|(151,27),(151,28)|(153,28),(153,29)|(160,28),(160,29)|(161,27),(161,28)|(162,25),(162,27)|(163,26),(163,27)|(164,26),(164,27)|(166,25),(166,28)|(173,28),(173,29)|(177,29),(177,30)|
(99,1),(102,1)|(86,4),(90,4)|(99,4),(102,4)|(119,4),(122,4)|(61,5),(64,5)|(87,7),(89,7)|(119,7),(122,7)|(48,8),(52,8)|(61,8),(64,8)|(102,8),(108,8)|(111,8),(115,8)|(96,9),(102,9)|(108,9),(111,9)|(115,9),(117,9)|(136,9),(140,9)|(89,10),(96,10)|(117,10),(119,10)|(49,11),(51,11)|(87,11),(89,11)|(119,11),(122,11)|(84,12),(87,12)|(99,12),(111,12)|(122,12),(123,12)|(137,12),(139,12)|(62,13),(64,13)|(88,13),(89,13)|(95,13),(99,13)|(111,13),(117,13)|(45,14),(51,14)|(53,14),(57,14)|(60,14),(62,14)|(64,14),(67,14)|(84,14),(88,14)|(89,14),(95,14)|(117,14),(123,14)|(129,14),(132,14)|(41,15),(45,15)|(51,15),(53,15)|(54,15),(55,15)|(58,15),(60,15)|(67,15),(68,15)|(126,15),(129,15)|(132,15),(135,15)|(40,16),(41,16)|(54,16),(55,16)|(57,16),(58,16)|(68,16),(69,16)|(124,16),(126,16)|(135,16),(138,16)|(14,17),(15,17)|(69,17),(70,17)|(85,17),(90,17)|(100,17),(104,17)|(122,17),(124,17)|(138,17),(141,17)|(13,18),(14,18)|(15,18),(17,18)|(70,18),(71,18)|(84,18),(85,18)|(90,18),(97,18)|(101,18),(102,18)|(116,18),(122,18)|(141,18),(142,18)|(97,19),(99,19)|(101,19),(102,19)|(107,19),(116,19)|(13,20),(17,20)|(99,20),(100,20)|(104,20),(107,20)|(142,20),(143,20)|(39,21),(40,21)|(70,21),(71,21)|(38,22),(39,22)|(84,22),(85,22)|(143,22),(145,22)|(13,23),(17,23)|(69,23),(70,23)|(85,23),(86,23)|(145,23),(146,23)|(14,24),(15,24)|(36,24),(37,24)|(68,24),(69,24)|(14,25),(15,25)|(17,25),(18,25)|(35,25),(36,25)|(37,25),(38,25)|(128,25),(133,25)|(144,25),(146,25)|(162,25),(166,25)|(12,26),(13,26)|(18,26),(19,26)|(34,26),(35,26)|(67,26),(68,26)|(126,26),(128,26)|(133,26),(144,26)|(163,26),(164,26)|(10,27),(12,27)|(19,27),(21,27)|(66,27),(67,27)|(86,27),(87,27)|(125,27),(126,27)|(146,27),(151,27)|(161,27),(162,27)|(163,27),(164,27)|(7,28),(10,28)|(21,28),(28,28)|(33,28),(34,28)|(66,28),(68,28)|(86,28),(87,28)|(125,28),(126,28)|(142,28),(146,28)|(151,28),(153,28)|(160,28),(161,28)|(166,28),(173,28)|(3,29),(7,29)|(28,29),(30,29)|(31,29),(33,29)|(68,29),(69,29)|(85,29),(86,29)|(126,29),(128,29)|(138,29),(142,29)|(153,29),(160,29)|(173,29),(177,29)|(0,30),(3,30)|(30,30),(31,30)|(69,30),(71,30)|(83,30),(85,30)|(128,30),(130,30)|(131,30),(138,30)|(177,30),(179,30)|(71,31),(73,31)|(74,31),(75,31)|(76,31),(78,31)|(79,31),(80,31)|(81,31),(83,31)|(130,31),(131,31)|(73,32),(74,32)|(75,32),(76,32)|(78,32),(79,32)|(80,32),(81,32)|
(48,9),(49,10)|(86,5),(87,6)|(136,10),(137,11)|
(51,10),(52,9)|(89,6),(90,5)|(139,11),(140,10)|
(16.5,20),(16.5,23)|(43.5,9),(43.5,15)|(48.5,7),(48.5,8)|(48.5,10),(48.5,14)|(51.5,6),(51.5,8)|(51.5,10),(51.5,15)|(62.5,8),(62.5,13)|(86.5,3),(86.5,4)|(86.5,6),(86.5,12)|(89.5,2),(89.5,4)|(89.5,6),(89.5,10)|(100.5,4),(100.5,9)|(120.5,7),(120.5,11)|(136.5,8),(136.5,9)|(136.5,11),(136.5,16)|(139.5,8),(139.5,9)|(139.5,11),(139.5,17)|
None|
end file : SL_C02