Piece : SL_C03
66x114
124x36
.........................#################........................
.........................#################........................
.........................#################........................
.........................#################........................
.........................#################........................
.................##HH#########################HH##................
.................##..######################=##..##................
.................##--#########################--##................
.................##..#########################..##................
..................#..#...#####################..##................
..................#--#...#####################--##................
..................#..#...#################...#..#.................
.....................#...#################...#..#.................
....................-#...#################...|..|.................
.........................#################...|..|.................
.........................#################...+--+.................
.........................#################...|..|.................
.........................#################...|..|.................
.........................#################...+--+.................
.........................##################..#..|.................
.........................###################.#..#.................
...............####HH#########################HH####..............
...............####..###=#####################..####..............
...............####..#########################..####..............
...............####--#########################--####..............
...............####..#########################..###...............
..................#..#..###################..#..#.................
..................#--#...#################...#--#.................
..................#..#...#################...#..#.................
..................#..#...#################...#..#.................
.....................#...#################...#--#.................
...................--#...#################...#..#.................
.........................#################...#..#.................
.........................#################...#--#.................
.........................#################...#....................
.........................#################........................
.........................#################........................
.........................#################........................
.........................#################........................
.........................#################........................
.........................#################........................
.........................#################........................
.........................#################........................
.........................#################........................
.........................#################........................
.........................#################........................
.........................#################........................
.........................#################........................
.........................#################........................
.........................##################.......................
.........................##################.......................
.......................#####################......................
.................##HH#######################......................
................###..#######################......................
...............####..#######################......................
...............####--#######################......................
...............####..#######################......................
...............####..#######################......................
..................#--#...##################.......................
..................#..#...##################.......................
.....................#...#################........................
...................--#...#################........................
.........................#################........................
.........................#################........................
.........................#################........................
.........................#################......#.................
..................#......#################......#.................
..................#-.....#################...#--#.................
.................##..#########################..##................
.................##..#########################..##................
.................##--#########################--##................
.................##..#########################..##................
..................#..#.#####################.#..#.................
..................#--#..###################..#--#.................
..................#..#...#################...#..#.................
..................#..#....################...#..#.................
..................#--#....################...#-.#.................
..................#..|....################...#..#.................
..................#..|....################...#....................
..................+--+....################...#-...................
..................|..|....################...#....................
..................|.......################........................
..................+-......################........................
..................|.......################........................
..................|.......################........................
..........................################........................
..........................################........................
..........................################........................
..........................################........................
..........................################........................
..........................################........................
..........................################........................
..........................################........................
..........................################........................
..........................################........................
..........................################........................
..........................################........................
..........................################........................
..........................################........................
..........................################........................
................####......################........................
................#=##......################........................
................####......################........................
................####......################........................
................####......################........................
................####......################........................
................####......################........................
................####......################........................
................####.....###################......................
##..............####.....####################....#................
######..........####....######################.######.............
###########.....####..#.##############################.######.....
############.##.##################################################
##################################################################
(2,109),(2,110)|(6,110),(6,111)|(11,111),(11,112)|(12,112),(12,113)|(13,112),(13,113)|(15,21),(15,26)|(15,54),(15,58)|(15,112),(15,113)|(16,53),(16,54)|(16,100),(16,113)|(17,5),(17,9)|(17,52),(17,53)|(17,68),(17,72)|(17,101),(17,102)|(18,9),(18,12)|(18,26),(18,30)|(18,58),(18,60)|(18,66),(18,68)|(18,72),(18,79)|(18,101),(18,102)|(19,5),(19,12)|(19,21),(19,30)|(19,52),(19,60)|(19,66),(19,79)|(20,100),(20,112)|(21,5),(21,14)|(21,21),(21,32)|(21,52),(21,62)|(21,68),(21,77)|(22,9),(22,14)|(22,26),(22,32)|(22,58),(22,62)|(22,72),(22,77)|(22,111),(22,112)|(23,51),(23,52)|(23,72),(23,73)|(23,111),(23,112)|(24,22),(24,23)|(24,26),(24,27)|(24,73),(24,74)|(24,110),(24,112)|(25,0),(25,5)|(25,9),(25,21)|(25,22),(25,23)|(25,27),(25,51)|(25,58),(25,68)|(25,74),(25,75)|(25,108),(25,110)|(26,75),(26,108)|(42,0),(42,5)|(42,11),(42,19)|(42,27),(42,49)|(42,60),(42,68)|(42,74),(42,108)|(43,6),(43,7)|(43,19),(43,20)|(43,26),(43,27)|(43,49),(43,51)|(43,58),(43,60)|(43,73),(43,74)|(44,6),(44,7)|(44,20),(44,21)|(44,51),(44,58)|(44,72),(44,73)|(44,108),(44,109)|(45,11),(45,13)|(45,19),(45,21)|(45,26),(45,35)|(45,67),(45,68)|(45,72),(45,81)|(45,109),(45,110)|(46,5),(46,13)|(46,19),(46,35)|(46,67),(46,81)|(46,110),(46,111)|(47,110),(47,111)|(48,5),(48,13)|(48,20),(48,34)|(48,65),(48,78)|(49,11),(49,13)|(49,20),(49,21)|(49,26),(49,34)|(49,65),(49,68)|(49,72),(49,78)|(49,109),(49,110)|(50,5),(50,11)|(50,68),(50,72)|(50,109),(50,110)|(51,25),(51,26)|(52,21),(52,25)|(53,110),(53,111)|(54,111),(54,112)|(55,111),(55,112)|(61,111),(61,112)|
(25,0),(42,0)|(17,5),(19,5)|(21,5),(25,5)|(42,5),(46,5)|(48,5),(50,5)|(43,6),(44,6)|(43,7),(44,7)|(17,9),(18,9)|(22,9),(25,9)|(42,11),(45,11)|(49,11),(50,11)|(18,12),(19,12)|(45,13),(46,13)|(48,13),(49,13)|(21,14),(22,14)|(42,19),(43,19)|(45,19),(46,19)|(43,20),(44,20)|(48,20),(49,20)|(15,21),(19,21)|(21,21),(25,21)|(44,21),(45,21)|(49,21),(52,21)|(24,22),(25,22)|(24,23),(25,23)|(51,25),(52,25)|(15,26),(18,26)|(22,26),(24,26)|(43,26),(45,26)|(49,26),(51,26)|(24,27),(25,27)|(42,27),(43,27)|(18,30),(19,30)|(21,32),(22,32)|(48,34),(49,34)|(45,35),(46,35)|(42,49),(43,49)|(23,51),(25,51)|(43,51),(44,51)|(17,52),(19,52)|(21,52),(23,52)|(16,53),(17,53)|(15,54),(16,54)|(15,58),(18,58)|(22,58),(25,58)|(43,58),(44,58)|(18,60),(19,60)|(42,60),(43,60)|(21,62),(22,62)|(48,65),(49,65)|(18,66),(19,66)|(45,67),(46,67)|(17,68),(18,68)|(21,68),(25,68)|(42,68),(45,68)|(49,68),(50,68)|(17,72),(18,72)|(22,72),(23,72)|(44,72),(45,72)|(49,72),(50,72)|(23,73),(24,73)|(43,73),(44,73)|(24,74),(25,74)|(42,74),(43,74)|(25,75),(26,75)|(21,77),(22,77)|(48,78),(49,78)|(18,79),(19,79)|(45,81),(46,81)|(16,100),(20,100)|(17,101),(18,101)|(17,102),(18,102)|(25,108),(26,108)|(42,108),(44,108)|(0,109),(2,109)|(44,109),(45,109)|(49,109),(50,109)|(2,110),(6,110)|(24,110),(25,110)|(45,110),(46,110)|(47,110),(49,110)|(50,110),(53,110)|(6,111),(11,111)|(22,111),(23,111)|(46,111),(47,111)|(53,111),(54,111)|(55,111),(61,111)|(11,112),(12,112)|(13,112),(15,112)|(20,112),(22,112)|(23,112),(24,112)|(54,112),(55,112)|(61,112),(66,112)|(12,113),(13,113)|(15,113),(16,113)|
None|
None|
(18.5,79),(18.5,85)|(21.5,77),(21.5,81)|(45.5,13),(45.5,19)|(48.5,13),(48.5,20)|
(19,7.5),(21,7.5)|(46,7.5),(48,7.5)|(19,10.5),(21,10.5)|(46,10.5),(48,10.5)|(20,13.5),(21,13.5)|(45,15.5),(49,15.5)|(45,18.5),(49,18.5)|(19,24.5),(21,24.5)|(46,24.5),(48,24.5)|(19,27.5),(21,27.5)|(46,27.5),(48,27.5)|(46,30.5),(48,30.5)|(19,31.5),(21,31.5)|(46,33.5),(48,33.5)|(19,55.5),(21,55.5)|(19,58.5),(21,58.5)|(19,61.5),(21,61.5)|(19,67.5),(20,67.5)|(46,67.5),(48,67.5)|(19,70.5),(21,70.5)|(46,70.5),(48,70.5)|(19,73.5),(21,73.5)|(46,73.5),(48,73.5)|(19,76.5),(21,76.5)|(46,76.5),(47,76.5)|(18,79.5),(22,79.5)|(46,79.5),(47,79.5)|(18,82.5),(20,82.5)|
end file : SL_C03