Piece : SL_C09
155x35
2484x164
###########################################################################################################################################################
###################.....#####...|..|..|..#######........................####..............#####................|............................###############
#####......................##---+--+--+--#######------------------------####--------------#####----------------+----------------------------#######=#######
##.##.#############.....##.##...|..|..|..#######........................####..............#.#.#................|............................#######.#######
##.##.##................##.##...|..|..|...|.|.|..........................#.#...................................|............................#######.#######
##....##................##.##...|..|..|...|.|.|..........................|.|...................................|............................#######.#######
##.##.##......#####.....##.##...|..|..|...|.|.#..........................|.|...................................|....................................#######
##.##.##......#####.....##.##...|.##..|...|.|.#..........................|.|...................................|............................#######.#######
##.#..+-------##...........##...|.##..|...#.|.|..........................|.|...................................|............................#######.#######
##.#####......##.##.....#####...|.##..|...#.|.|..........................#.#...................................|............................#######.#######
##.#####......##.##.....#####...|..|..#...|.|.|....................############.#.........................#####+########....................###.....#######
##.#####........................|..|..#...|.|.|....................############.#.........................#####.########....................###.###########
##.#####........................|..|..#...|.|.|....................############.#.........................#####.............................###.###########
##.#####........................#..|..|...|.#.|........................######...#.........................#####.########....................###.###########
##..............................#..|..|...|.|.|....................###.######.###.........................#####.########....................###.###########
####.###......##.##.............|..|..|...|.|.|....................###........###.........................#####.########....................###.###########
####.###------##................|..|......|.|.|....................###........###.........................#####......###............................#######
#=.....#......##.##.............|..|......|.|.|....................###........###.........................#####.####.###....................######.########
######.#........................|..|......|.|.|....................###........###.........................#####.####.###....................######.########
######.#...........................|......|.|.#....................###..........................................####.###....................######.########
####...#.................................##.|.|....................###..####..###.........................##########.###..............................#####
####.###.................................##.|.|....................###.##########.........................##########.###....................##.###.##.#####
####.###......##.##.......................|.|.|....................###.##########.........................##########.###....................##.###.##.#####
#......+------##..........................|.|.|....................###.##########.........................##########.###....................##.###.##.#####
#.######......#####.......................|.#.|.................................................................#.#.........................##.....##.#####
#.######..................................|.|.|.................................................................|.|.........................#########.#####
#.....##..................................|.|.|.................................................................|.|.........................#########.#####
#####.##..................................|.|.##................................................................|.|.........................#########.#####
#####.##..................................#.|.|.................................................................|.|.........................#########.#####
##....##..................................|.|.|.................................................................|.|.........................##........#####
##.##.##..................................|.|.#.................................................................|.|..........######.##########.############
##.##.##.................................#######........................................#########...............|.|..........######.##########.############
#####..+---------------------------------#######----------------------------------------#########--.............|.|............................############
########.................................#######........................................#########...............#.#..........##############################
###########################################################################################################################################################
(1,17),(1,18)|(1,23),(1,27)|(2,3),(2,15)|(2,24),(2,26)|(2,29),(2,32)|(3,3),(3,5)|(3,6),(3,14)|(3,30),(3,32)|(4,8),(4,9)|(4,15),(4,17)|(4,20),(4,23)|(5,2),(5,5)|(5,6),(5,8)|(5,15),(5,17)|(5,21),(5,23)|(5,27),(5,29)|(5,30),(5,33)|(6,3),(6,8)|(6,18),(6,20)|(6,26),(6,32)|(7,17),(7,21)|(8,4),(8,8)|(8,9),(8,14)|(8,15),(8,23)|(8,24),(8,32)|(8,33),(8,34)|(14,6),(14,11)|(14,15),(14,18)|(14,22),(14,25)|(16,8),(16,11)|(16,15),(16,18)|(16,22),(16,24)|(17,9),(17,11)|(17,15),(17,16)|(17,17),(17,18)|(17,22),(17,23)|(19,1),(19,2)|(19,3),(19,4)|(19,6),(19,8)|(19,9),(19,11)|(19,15),(19,16)|(19,17),(19,18)|(19,22),(19,23)|(19,24),(19,25)|(24,1),(24,2)|(24,3),(24,8)|(24,9),(24,11)|(26,3),(26,8)|(27,2),(27,9)|(29,1),(29,11)|(32,13),(32,15)|(33,13),(33,15)|(34,7),(34,10)|(36,7),(36,10)|(38,10),(38,13)|(39,10),(39,13)|(41,1),(41,4)|(41,20),(41,22)|(41,31),(41,34)|(42,8),(42,10)|(42,28),(42,29)|(43,8),(43,10)|(43,20),(43,22)|(43,28),(43,29)|(44,13),(44,14)|(44,24),(44,25)|(45,13),(45,14)|(45,24),(45,25)|(46,6),(46,8)|(46,19),(46,20)|(46,27),(46,28)|(46,30),(46,31)|(47,6),(47,8)|(47,19),(47,20)|(47,30),(47,31)|(48,1),(48,4)|(48,27),(48,28)|(48,31),(48,34)|(67,10),(67,13)|(67,14),(67,24)|(70,14),(70,24)|(71,13),(71,15)|(71,21),(71,24)|(72,1),(72,4)|(72,20),(72,21)|(73,4),(73,5)|(73,9),(73,10)|(74,4),(74,5)|(74,9),(74,10)|(75,4),(75,5)|(75,9),(75,10)|(76,1),(76,5)|(76,9),(76,10)|(76,20),(76,21)|(77,13),(77,15)|(78,14),(78,19)|(78,20),(78,21)|(79,10),(79,13)|(80,10),(80,14)|(81,10),(81,19)|(81,20),(81,24)|(88,31),(88,34)|(90,1),(90,4)|(91,3),(91,4)|(92,3),(92,4)|(93,3),(93,4)|(94,3),(94,4)|(95,1),(95,4)|(97,31),(97,34)|(106,10),(106,19)|(106,20),(106,24)|(111,10),(111,19)|(112,10),(112,12)|(112,13),(112,16)|(112,17),(112,20)|(112,24),(112,25)|(112,33),(112,34)|(113,24),(113,25)|(113,33),(113,34)|(114,24),(114,25)|(114,33),(114,34)|(115,24),(115,25)|(115,33),(115,34)|(116,17),(116,24)|(117,16),(117,24)|(120,10),(120,12)|(120,13),(120,24)|(125,30),(125,32)|(125,33),(125,34)|(131,30),(131,32)|(132,30),(132,32)|(140,1),(140,6)|(140,7),(140,16)|(140,17),(140,20)|(140,21),(140,30)|(142,21),(142,25)|(142,29),(142,32)|(143,10),(143,16)|(143,21),(143,24)|(143,30),(143,33)|(144,11),(144,16)|(146,17),(146,20)|(146,21),(146,24)|(147,2),(147,6)|(147,7),(147,10)|(147,17),(147,20)|(147,21),(147,25)|(148,2),(148,11)|(148,16),(148,17)|(149,21),(149,29)|(150,20),(150,30)|
(19,1),(24,1)|(29,1),(41,1)|(48,1),(72,1)|(76,1),(90,1)|(95,1),(140,1)|(5,2),(19,2)|(24,2),(27,2)|(147,2),(148,2)|(2,3),(3,3)|(6,3),(19,3)|(24,3),(26,3)|(91,3),(92,3)|(93,3),(94,3)|(8,4),(19,4)|(41,4),(48,4)|(72,4),(73,4)|(74,4),(75,4)|(90,4),(91,4)|(92,4),(93,4)|(94,4),(95,4)|(3,5),(5,5)|(73,5),(74,5)|(75,5),(76,5)|(3,6),(5,6)|(14,6),(19,6)|(46,6),(47,6)|(140,6),(147,6)|(34,7),(36,7)|(140,7),(147,7)|(4,8),(5,8)|(6,8),(8,8)|(16,8),(19,8)|(24,8),(26,8)|(42,8),(43,8)|(46,8),(47,8)|(4,9),(8,9)|(17,9),(19,9)|(24,9),(27,9)|(73,9),(74,9)|(75,9),(76,9)|(34,10),(36,10)|(38,10),(39,10)|(42,10),(43,10)|(67,10),(73,10)|(74,10),(75,10)|(76,10),(79,10)|(80,10),(81,10)|(106,10),(111,10)|(112,10),(120,10)|(143,10),(147,10)|(14,11),(16,11)|(17,11),(19,11)|(24,11),(29,11)|(144,11),(148,11)|(112,12),(120,12)|(32,13),(33,13)|(38,13),(39,13)|(44,13),(45,13)|(67,13),(71,13)|(77,13),(79,13)|(112,13),(120,13)|(3,14),(8,14)|(44,14),(45,14)|(67,14),(70,14)|(78,14),(80,14)|(2,15),(4,15)|(5,15),(8,15)|(14,15),(16,15)|(17,15),(19,15)|(32,15),(33,15)|(71,15),(77,15)|(17,16),(19,16)|(112,16),(117,16)|(140,16),(143,16)|(144,16),(148,16)|(1,17),(4,17)|(5,17),(7,17)|(17,17),(19,17)|(112,17),(116,17)|(140,17),(146,17)|(147,17),(148,17)|(1,18),(6,18)|(14,18),(16,18)|(17,18),(19,18)|(46,19),(47,19)|(78,19),(81,19)|(106,19),(111,19)|(4,20),(6,20)|(41,20),(43,20)|(46,20),(47,20)|(72,20),(76,20)|(78,20),(81,20)|(106,20),(112,20)|(140,20),(146,20)|(147,20),(150,20)|(5,21),(7,21)|(71,21),(72,21)|(76,21),(78,21)|(140,21),(142,21)|(143,21),(146,21)|(147,21),(149,21)|(14,22),(16,22)|(17,22),(19,22)|(41,22),(43,22)|(1,23),(4,23)|(5,23),(8,23)|(17,23),(19,23)|(2,24),(8,24)|(16,24),(19,24)|(44,24),(45,24)|(67,24),(70,24)|(71,24),(81,24)|(106,24),(112,24)|(113,24),(114,24)|(115,24),(116,24)|(117,24),(120,24)|(143,24),(146,24)|(14,25),(19,25)|(44,25),(45,25)|(112,25),(113,25)|(114,25),(115,25)|(142,25),(147,25)|(2,26),(6,26)|(1,27),(5,27)|(46,27),(48,27)|(42,28),(43,28)|(46,28),(48,28)|(2,29),(5,29)|(42,29),(43,29)|(142,29),(149,29)|(3,30),(5,30)|(46,30),(47,30)|(125,30),(131,30)|(132,30),(140,30)|(143,30),(150,30)|(41,31),(46,31)|(47,31),(48,31)|(88,31),(97,31)|(2,32),(3,32)|(6,32),(8,32)|(125,32),(131,32)|(132,32),(142,32)|(5,33),(8,33)|(112,33),(113,33)|(114,33),(115,33)|(125,33),(143,33)|(8,34),(41,34)|(48,34),(88,34)|(97,34),(112,34)|(113,34),(114,34)|(115,34),(125,34)|
None|
None|
(6.5,8),(6.5,9)|(7.5,23),(7.5,24)|(7.5,32),(7.5,33)|(32.5,1),(32.5,13)|(32.5,15),(32.5,19)|(35.5,1),(35.5,7)|(35.5,10),(35.5,20)|(38.5,1),(38.5,10)|(38.5,13),(38.5,16)|(42.5,4),(42.5,8)|(42.5,10),(42.5,20)|(42.5,22),(42.5,28)|(42.5,29),(42.5,31)|(44.5,4),(44.5,13)|(44.5,14),(44.5,24)|(44.5,25),(44.5,31)|(46.5,4),(46.5,6)|(46.5,8),(46.5,19)|(46.5,20),(46.5,27)|(46.5,28),(46.5,30)|(73.5,5),(73.5,9)|(75.5,5),(75.5,9)|(111.5,1),(111.5,11)|(112.5,25),(112.5,33)|(114.5,25),(114.5,33)|
(29,2.5),(41,2.5)|(48,2.5),(72,2.5)|(76,2.5),(90,2.5)|(95,2.5),(140,2.5)|(6,8.5),(14,8.5)|(111,10.5),(112,10.5)|(8,16.5),(14,16.5)|(7,23.5),(14,23.5)|(7,32.5),(41,32.5)|(48,32.5),(88,32.5)|(97,32.5),(99,32.5)|
end file : SL_C09