Piece : SL_C04
54x105
-643x-216
######################################################
#####################=################################
##################|##|###|############################
#################.|..|...|.###########################
#################.|..|...|.###########################
#################.|......|.###########################
###################......#############################
#################..........###########################
#################..........###########################
#################..........###########################
#################..........###########################
#################..........###########################
#################..........###########################
#################..........###########################
#################..........###########################
#################..........###########################
#################..........###########################
#################..........###########################
#################..........###########################
#################..........###########################
#################..........###########################
#################..........###########################
#################..........###########################
#################..........###########################
#################..........###########################
#################..........###########################
#################..........###########################
#################..........###########################
#################..........###########################
#################..........###########################
#################..........###########################
#################..........###########################
#################..........###########################
#################..........###########################
#################..........###########################
#################..........###########################
#################..........###########################
#################..........###########################
#################..........###########################
#################..........###########################
#################..........###########################
#################..........###########################
#################..........###########################
#################..........###########################
#################..........###########################
#################..........###########################
#################..........###########################
#################..........###########################
#################..........###########################
#################..........###########################
#################..........###########################
#################..........###########################
#################..........###########################
#################..........###########################
#################..........###########################
#################..........###########################
#################..........###########################
#################..........###########################
#################..........###########################
#################..........###########################
#################..........###########################
#################..........###########################
#################..........###########################
#################..........###########################
#################..........###########################
#################..........###########################
#################..........###########################
#################..........###########################
#################..........###########################
#################..........###########################
#################..........##########..###############
#################..........#########...###############
#################..........##########..###############
#################..........##########--###############
#################..........##########..###############
#################..........##########..###############
#################..........##########--###############
################/........../#########..###############
###############/............/########..###############
##############/............../#######--###############
#..........#....................#...|..|...###########
...........#....................#...|..|....##########
#..........#........................+--+...###########
...........#........................|..|....##########
#..........#........................|..|...###########
=...................................+--+....##########
#...................................|..|...###########
.................................#..|..|....##########
#......##..#...................#####|..|...###########
##############/............../########################
###############/............/#########################
################/........../##########################
#################..........###########################
#################..........###########################
#################..........###########################
#################..........###########################
#################..........###########################
#################..........###########################
#################..........###########################
#################..........###########################
#################..........###########################
##################.........###########################
###################........###########################
######################################################
######################################################
(0,81),(0,82)|(0,83),(0,84)|(0,85),(0,86)|(0,87),(0,88)|(1,80),(1,81)|(1,82),(1,83)|(1,84),(1,85)|(1,86),(1,87)|(1,88),(1,89)|(7,88),(7,89)|(9,88),(9,89)|(11,80),(11,85)|(11,88),(11,89)|(12,80),(12,85)|(12,88),(12,89)|(17,3),(17,6)|(17,7),(17,77)|(17,92),(17,101)|(18,2),(18,3)|(18,101),(18,102)|(19,2),(19,3)|(19,6),(19,7)|(19,102),(19,103)|(21,1),(21,3)|(22,1),(22,3)|(25,2),(25,3)|(25,6),(25,7)|(26,2),(26,3)|(27,3),(27,6)|(27,7),(27,77)|(27,92),(27,103)|(31,88),(31,89)|(32,80),(32,82)|(33,80),(33,82)|(33,87),(33,88)|(34,87),(34,88)|(36,71),(36,72)|(36,88),(36,89)|(37,70),(37,71)|(37,72),(37,80)|(39,70),(39,80)|(43,80),(43,81)|(43,82),(43,83)|(43,84),(43,85)|(43,86),(43,87)|(43,88),(43,89)|(44,81),(44,82)|(44,83),(44,84)|(44,85),(44,86)|(44,87),(44,88)|
(21,1),(22,1)|(18,2),(19,2)|(25,2),(26,2)|(17,3),(18,3)|(19,3),(21,3)|(22,3),(25,3)|(26,3),(27,3)|(17,6),(19,6)|(25,6),(27,6)|(17,7),(19,7)|(25,7),(27,7)|(37,70),(39,70)|(36,71),(37,71)|(36,72),(37,72)|(1,80),(11,80)|(12,80),(14,80)|(30,80),(32,80)|(33,80),(37,80)|(39,80),(43,80)|(0,81),(1,81)|(43,81),(44,81)|(0,82),(1,82)|(32,82),(33,82)|(43,82),(44,82)|(0,83),(1,83)|(43,83),(44,83)|(0,84),(1,84)|(43,84),(44,84)|(0,85),(1,85)|(11,85),(12,85)|(43,85),(44,85)|(0,86),(1,86)|(43,86),(44,86)|(0,87),(1,87)|(33,87),(34,87)|(43,87),(44,87)|(0,88),(1,88)|(7,88),(9,88)|(11,88),(12,88)|(31,88),(33,88)|(34,88),(36,88)|(43,88),(44,88)|(1,89),(7,89)|(9,89),(11,89)|(12,89),(14,89)|(30,89),(31,89)|(36,89),(43,89)|(17,101),(18,101)|(18,102),(19,102)|(19,103),(27,103)|
(14,89),(17,92)|(27,77),(30,80)|
(14,80),(17,77)|(27,92),(30,89)|
(18.5,2),(18.5,6)|(21.5,2),(21.5,5)|(25.5,2),(25.5,6)|(36.5,80),(36.5,89)|(39.5,80),(39.5,89)|
(37,73.5),(39,73.5)|(37,76.5),(39,76.5)|(37,79.5),(39,79.5)|(36,82.5),(40,82.5)|(36,85.5),(40,85.5)|
end file : SL_C04